(kicad_pcb (version 20171130) (host pcbnew "(5.1.8)-1")

  (general
    (thickness 1.6)
    (drawings 12)
    (tracks 1139)
    (zones 0)
    (modules 108)
    (nets 83)
  )

  (page A4)
  (layers
    (0 F.Cu power)
    (1 In1.Cu signal)
    (2 In2.Cu signal)
    (31 B.Cu power)
    (32 B.Adhes user)
    (33 F.Adhes user)
    (34 B.Paste user)
    (35 F.Paste user)
    (36 B.SilkS user)
    (37 F.SilkS user)
    (38 B.Mask user)
    (39 F.Mask user)
    (40 Dwgs.User user)
    (41 Cmts.User user)
    (42 Eco1.User user)
    (43 Eco2.User user)
    (44 Edge.Cuts user)
    (45 Margin user)
    (46 B.CrtYd user)
    (47 F.CrtYd user)
    (48 B.Fab user)
    (49 F.Fab user hide)
  )

  (setup
    (last_trace_width 0.25)
    (user_trace_width 0.3)
    (user_trace_width 0.4)
    (user_trace_width 0.45)
    (user_trace_width 0.5)
    (user_trace_width 0.889)
    (trace_clearance 0.2)
    (zone_clearance 0.3)
    (zone_45_only no)
    (trace_min 0.2)
    (via_size 0.8)
    (via_drill 0.4)
    (via_min_size 0.399796)
    (via_min_drill 0.3)
    (uvia_size 0.3)
    (uvia_drill 0.1)
    (uvias_allowed no)
    (uvia_min_size 0.2)
    (uvia_min_drill 0.1)
    (edge_width 0.05)
    (segment_width 0.2)
    (pcb_text_width 0.3)
    (pcb_text_size 1.5 1.5)
    (mod_edge_width 0.1524)
    (mod_text_size 0.8128 0.8128)
    (mod_text_width 0.1524)
    (pad_size 6.000001 6.000001)
    (pad_drill 2.999999)
    (pad_to_mask_clearance 0)
    (aux_axis_origin 0 0)
    (visible_elements 7FFFF7FF)
    (pcbplotparams
      (layerselection 0x010fc_ffffffff)
      (usegerberextensions false)
      (usegerberattributes true)
      (usegerberadvancedattributes true)
      (creategerberjobfile true)
      (excludeedgelayer true)
      (linewidth 0.100000)
      (plotframeref false)
      (viasonmask false)
      (mode 1)
      (useauxorigin false)
      (hpglpennumber 1)
      (hpglpenspeed 20)
      (hpglpendiameter 15.000000)
      (psnegative false)
      (psa4output false)
      (plotreference true)
      (plotvalue true)
      (plotinvisibletext false)
      (padsonsilk false)
      (subtractmaskfromsilk false)
      (outputformat 1)
      (mirror false)
      (drillshape 0)
      (scaleselection 1)
      (outputdirectory "Gerbers/"))
  )

  (net 0 "")
  (net 1 GND)
  (net 2 Vdrive)
  (net 3 "Net-(C4-Pad2)")
  (net 4 "Net-(C5-Pad2)")
  (net 5 /DIRECTION_DIP)
  (net 6 /~SPEED_UP_PB)
  (net 7 /~SPEED_DOWN_PB)
  (net 8 /~BRAKE_PB)
  (net 9 /~RESET_PB)
  (net 10 +3V3)
  (net 11 +5V)
  (net 12 /~DRV8353_FAULT)
  (net 13 /DRV8353_EN)
  (net 14 /~BRAKE)
  (net 15 /DIRECTION)
  (net 16 "Net-(C26-Pad1)")
  (net 17 "Net-(C27-Pad1)")
  (net 18 "Net-(C28-Pad1)")
  (net 19 "Net-(C31-Pad2)")
  (net 20 "Net-(C32-Pad1)")
  (net 21 "Net-(C32-Pad2)")
  (net 22 /~LED_DIR)
  (net 23 "Net-(D1-Pad2)")
  (net 24 "Net-(D2-Pad2)")
  (net 25 /~LED_SPEED)
  (net 26 "Net-(D3-Pad2)")
  (net 27 /~SYS_FAULT)
  (net 28 "Net-(D4-Pad2)")
  (net 29 "Net-(D5-Pad2)")
  (net 30 "Net-(D6-Pad2)")
  (net 31 "Net-(FB1-Pad2)")
  (net 32 /HALLC_JMP)
  (net 33 /HALLB_JMP)
  (net 34 /HALLA_JMP)
  (net 35 /MOT_TEMP)
  (net 36 /SWDIO)
  (net 37 /SWCLK)
  (net 38 /EXT_UART_TX)
  (net 39 /EXT_UART_RX)
  (net 40 /MOT_A)
  (net 41 /MOT_B)
  (net 42 /MOT_C)
  (net 43 "Net-(Q1-Pad2)")
  (net 44 /GATE_HI_A)
  (net 45 /SHUNT_POS_A)
  (net 46 /GATE_LO_A)
  (net 47 /GATE_HI_B)
  (net 48 /SHUNT_POS_B)
  (net 49 /GATE_LO_B)
  (net 50 /GATE_HI_C)
  (net 51 /GATE_LO_C)
  (net 52 /SHUNT_POS_C)
  (net 53 /SCLK)
  (net 54 /MISO)
  (net 55 /MOSI)
  (net 56 /~DRV8353_CS)
  (net 57 /SPEED_PWM)
  (net 58 /HALLA)
  (net 59 /HALLB)
  (net 60 /HALLC)
  (net 61 /I_PHASE_A)
  (net 62 /I_PHASE_B)
  (net 63 /I_PHASE_C)
  (net 64 "Net-(R40-Pad1)")
  (net 65 "Net-(R41-Pad1)")
  (net 66 "Net-(R42-Pad1)")
  (net 67 "Net-(R43-Pad1)")
  (net 68 "Net-(R44-Pad1)")
  (net 69 "Net-(R45-Pad1)")
  (net 70 "Net-(R46-Pad1)")
  (net 71 "Net-(R47-Pad1)")
  (net 72 "Net-(R48-Pad1)")
  (net 73 "Net-(R49-Pad1)")
  (net 74 "Net-(R50-Pad1)")
  (net 75 "Net-(R51-Pad1)")
  (net 76 "Net-(R52-Pad1)")
  (net 77 "Net-(R53-Pad1)")
  (net 78 "Net-(R54-Pad1)")
  (net 79 "Net-(U3-Pad2)")
  (net 80 "Net-(U4-Pad2)")
  (net 81 "Net-(J3-Pad4)")
  (net 82 "Net-(C36-Pad1)")

  (net_class Default "This is the default net class."
    (clearance 0.2)
    (trace_width 0.25)
    (via_dia 0.8)
    (via_drill 0.4)
    (uvia_dia 0.3)
    (uvia_drill 0.1)
    (add_net +3V3)
    (add_net +5V)
    (add_net /DIRECTION)
    (add_net /DIRECTION_DIP)
    (add_net /DRV8353_EN)
    (add_net /EXT_UART_RX)
    (add_net /EXT_UART_TX)
    (add_net /GATE_HI_A)
    (add_net /GATE_HI_B)
    (add_net /GATE_HI_C)
    (add_net /GATE_LO_A)
    (add_net /GATE_LO_B)
    (add_net /GATE_LO_C)
    (add_net /HALLA)
    (add_net /HALLA_JMP)
    (add_net /HALLB)
    (add_net /HALLB_JMP)
    (add_net /HALLC)
    (add_net /HALLC_JMP)
    (add_net /I_PHASE_A)
    (add_net /I_PHASE_B)
    (add_net /I_PHASE_C)
    (add_net /MISO)
    (add_net /MOSI)
    (add_net /MOT_A)
    (add_net /MOT_B)
    (add_net /MOT_C)
    (add_net /MOT_TEMP)
    (add_net /SCLK)
    (add_net /SHUNT_POS_A)
    (add_net /SHUNT_POS_B)
    (add_net /SHUNT_POS_C)
    (add_net /SPEED_PWM)
    (add_net /SWCLK)
    (add_net /SWDIO)
    (add_net /~BRAKE)
    (add_net /~BRAKE_PB)
    (add_net /~DRV8353_CS)
    (add_net /~DRV8353_FAULT)
    (add_net /~LED_DIR)
    (add_net /~LED_SPEED)
    (add_net /~RESET_PB)
    (add_net /~SPEED_DOWN_PB)
    (add_net /~SPEED_UP_PB)
    (add_net /~SYS_FAULT)
    (add_net GND)
    (add_net "Net-(C26-Pad1)")
    (add_net "Net-(C27-Pad1)")
    (add_net "Net-(C28-Pad1)")
    (add_net "Net-(C31-Pad2)")
    (add_net "Net-(C32-Pad1)")
    (add_net "Net-(C32-Pad2)")
    (add_net "Net-(C36-Pad1)")
    (add_net "Net-(C4-Pad2)")
    (add_net "Net-(C5-Pad2)")
    (add_net "Net-(D1-Pad2)")
    (add_net "Net-(D2-Pad2)")
    (add_net "Net-(D3-Pad2)")
    (add_net "Net-(D4-Pad2)")
    (add_net "Net-(D5-Pad2)")
    (add_net "Net-(D6-Pad2)")
    (add_net "Net-(FB1-Pad2)")
    (add_net "Net-(J3-Pad4)")
    (add_net "Net-(Q1-Pad2)")
    (add_net "Net-(R40-Pad1)")
    (add_net "Net-(R41-Pad1)")
    (add_net "Net-(R42-Pad1)")
    (add_net "Net-(R43-Pad1)")
    (add_net "Net-(R44-Pad1)")
    (add_net "Net-(R45-Pad1)")
    (add_net "Net-(R46-Pad1)")
    (add_net "Net-(R47-Pad1)")
    (add_net "Net-(R48-Pad1)")
    (add_net "Net-(R49-Pad1)")
    (add_net "Net-(R50-Pad1)")
    (add_net "Net-(R51-Pad1)")
    (add_net "Net-(R52-Pad1)")
    (add_net "Net-(R53-Pad1)")
    (add_net "Net-(R54-Pad1)")
    (add_net "Net-(U3-Pad2)")
    (add_net "Net-(U4-Pad2)")
    (add_net Vdrive)
  )

  (net_class 35 ""
    (clearance 0.2)
    (trace_width 0.25)
    (via_dia 0.8)
    (via_drill 0.4)
    (uvia_dia 0.3)
    (uvia_drill 0.1)
  )

  (module Capacitor_SMD:C_0603_1608Metric (layer F.Cu) (tedit 5F68FEEE) (tstamp 603A161D)
    (at 62.1541 110.0963)
    (descr "Capacitor SMD 0603 (1608 Metric), square (rectangular) end terminal, IPC_7351 nominal, (Body size source: IPC-SM-782 page 76, https://www.pcb-3d.com/wordpress/wp-content/uploads/ipc-sm-782a_amendment_1_and_2.pdf), generated with kicad-footprint-generator")
    (tags capacitor)
    (path /6078A6D9)
    (attr smd)
    (fp_text reference C9 (at -3.6071 0.0127) (layer F.SilkS)
      (effects (font (size 0.8128 0.8128) (thickness 0.1524)))
    )
    (fp_text value 22nF (at 0 1.43) (layer F.Fab)
      (effects (font (size 1 1) (thickness 0.15)))
    )
    (fp_line (start -0.8 0.4) (end -0.8 -0.4) (layer F.Fab) (width 0.1))
    (fp_line (start -0.8 -0.4) (end 0.8 -0.4) (layer F.Fab) (width 0.1))
    (fp_line (start 0.8 -0.4) (end 0.8 0.4) (layer F.Fab) (width 0.1))
    (fp_line (start 0.8 0.4) (end -0.8 0.4) (layer F.Fab) (width 0.1))
    (fp_line (start -0.14058 -0.51) (end 0.14058 -0.51) (layer F.SilkS) (width 0.1524))
    (fp_line (start -0.14058 0.51) (end 0.14058 0.51) (layer F.SilkS) (width 0.1524))
    (fp_line (start -1.48 0.73) (end -1.48 -0.73) (layer F.CrtYd) (width 0.05))
    (fp_line (start -1.48 -0.73) (end 1.48 -0.73) (layer F.CrtYd) (width 0.05))
    (fp_line (start 1.48 -0.73) (end 1.48 0.73) (layer F.CrtYd) (width 0.05))
    (fp_line (start 1.48 0.73) (end -1.48 0.73) (layer F.CrtYd) (width 0.05))
    (fp_text user %R (at 0 0) (layer F.Fab)
      (effects (font (size 0.4 0.4) (thickness 0.06)))
    )
    (pad 2 smd roundrect (at 0.775 0) (size 0.9 0.95) (layers F.Cu F.Paste F.Mask) (roundrect_rratio 0.25)
      (net 7 /~SPEED_DOWN_PB))
    (pad 1 smd roundrect (at -0.775 0) (size 0.9 0.95) (layers F.Cu F.Paste F.Mask) (roundrect_rratio 0.25)
      (net 1 GND))
    (model ${KISYS3DMOD}/Capacitor_SMD.3dshapes/C_0603_1608Metric.wrl
      (at (xyz 0 0 0))
      (scale (xyz 1 1 1))
      (rotate (xyz 0 0 0))
    )
  )

  (module Capacitor_SMD:C_0603_1608Metric (layer F.Cu) (tedit 5F68FEEE) (tstamp 603A162E)
    (at 68.1225 117.856)
    (descr "Capacitor SMD 0603 (1608 Metric), square (rectangular) end terminal, IPC_7351 nominal, (Body size source: IPC-SM-782 page 76, https://www.pcb-3d.com/wordpress/wp-content/uploads/ipc-sm-782a_amendment_1_and_2.pdf), generated with kicad-footprint-generator")
    (tags capacitor)
    (path /6078ABFA)
    (attr smd)
    (fp_text reference C10 (at -3.3525 0) (layer F.SilkS)
      (effects (font (size 0.8128 0.8128) (thickness 0.1524)))
    )
    (fp_text value 22nF (at 0 1.43) (layer F.Fab)
      (effects (font (size 1 1) (thickness 0.15)))
    )
    (fp_line (start 1.48 0.73) (end -1.48 0.73) (layer F.CrtYd) (width 0.05))
    (fp_line (start 1.48 -0.73) (end 1.48 0.73) (layer F.CrtYd) (width 0.05))
    (fp_line (start -1.48 -0.73) (end 1.48 -0.73) (layer F.CrtYd) (width 0.05))
    (fp_line (start -1.48 0.73) (end -1.48 -0.73) (layer F.CrtYd) (width 0.05))
    (fp_line (start -0.14058 0.51) (end 0.14058 0.51) (layer F.SilkS) (width 0.1524))
    (fp_line (start -0.14058 -0.51) (end 0.14058 -0.51) (layer F.SilkS) (width 0.1524))
    (fp_line (start 0.8 0.4) (end -0.8 0.4) (layer F.Fab) (width 0.1))
    (fp_line (start 0.8 -0.4) (end 0.8 0.4) (layer F.Fab) (width 0.1))
    (fp_line (start -0.8 -0.4) (end 0.8 -0.4) (layer F.Fab) (width 0.1))
    (fp_line (start -0.8 0.4) (end -0.8 -0.4) (layer F.Fab) (width 0.1))
    (fp_text user %R (at 0 0) (layer F.Fab)
      (effects (font (size 0.4 0.4) (thickness 0.06)))
    )
    (pad 1 smd roundrect (at -0.775 0) (size 0.9 0.95) (layers F.Cu F.Paste F.Mask) (roundrect_rratio 0.25)
      (net 1 GND))
    (pad 2 smd roundrect (at 0.775 0) (size 0.9 0.95) (layers F.Cu F.Paste F.Mask) (roundrect_rratio 0.25)
      (net 8 /~BRAKE_PB))
    (model ${KISYS3DMOD}/Capacitor_SMD.3dshapes/C_0603_1608Metric.wrl
      (at (xyz 0 0 0))
      (scale (xyz 1 1 1))
      (rotate (xyz 0 0 0))
    )
  )

  (module Capacitor_SMD:C_0603_1608Metric (layer F.Cu) (tedit 5F68FEEE) (tstamp 603E2055)
    (at 62.1411 117.8433)
    (descr "Capacitor SMD 0603 (1608 Metric), square (rectangular) end terminal, IPC_7351 nominal, (Body size source: IPC-SM-782 page 76, https://www.pcb-3d.com/wordpress/wp-content/uploads/ipc-sm-782a_amendment_1_and_2.pdf), generated with kicad-footprint-generator")
    (tags capacitor)
    (path /6078B5AF)
    (attr smd)
    (fp_text reference C11 (at -3.4671 0.0127) (layer F.SilkS)
      (effects (font (size 0.8128 0.8128) (thickness 0.1524)))
    )
    (fp_text value 22nF (at 0 1.43) (layer F.Fab)
      (effects (font (size 1 1) (thickness 0.15)))
    )
    (fp_line (start -0.8 0.4) (end -0.8 -0.4) (layer F.Fab) (width 0.1))
    (fp_line (start -0.8 -0.4) (end 0.8 -0.4) (layer F.Fab) (width 0.1))
    (fp_line (start 0.8 -0.4) (end 0.8 0.4) (layer F.Fab) (width 0.1))
    (fp_line (start 0.8 0.4) (end -0.8 0.4) (layer F.Fab) (width 0.1))
    (fp_line (start -0.14058 -0.51) (end 0.14058 -0.51) (layer F.SilkS) (width 0.1524))
    (fp_line (start -0.14058 0.51) (end 0.14058 0.51) (layer F.SilkS) (width 0.1524))
    (fp_line (start -1.48 0.73) (end -1.48 -0.73) (layer F.CrtYd) (width 0.05))
    (fp_line (start -1.48 -0.73) (end 1.48 -0.73) (layer F.CrtYd) (width 0.05))
    (fp_line (start 1.48 -0.73) (end 1.48 0.73) (layer F.CrtYd) (width 0.05))
    (fp_line (start 1.48 0.73) (end -1.48 0.73) (layer F.CrtYd) (width 0.05))
    (fp_text user %R (at 0 0) (layer F.Fab)
      (effects (font (size 0.4 0.4) (thickness 0.06)))
    )
    (pad 2 smd roundrect (at 0.775 0) (size 0.9 0.95) (layers F.Cu F.Paste F.Mask) (roundrect_rratio 0.25)
      (net 9 /~RESET_PB))
    (pad 1 smd roundrect (at -0.775 0) (size 0.9 0.95) (layers F.Cu F.Paste F.Mask) (roundrect_rratio 0.25)
      (net 1 GND))
    (model ${KISYS3DMOD}/Capacitor_SMD.3dshapes/C_0603_1608Metric.wrl
      (at (xyz 0 0 0))
      (scale (xyz 1 1 1))
      (rotate (xyz 0 0 0))
    )
  )

  (module Capacitor_SMD:C_0603_1608Metric (layer F.Cu) (tedit 5F68FEEE) (tstamp 603A160C)
    (at 68.3514 110.1217)
    (descr "Capacitor SMD 0603 (1608 Metric), square (rectangular) end terminal, IPC_7351 nominal, (Body size source: IPC-SM-782 page 76, https://www.pcb-3d.com/wordpress/wp-content/uploads/ipc-sm-782a_amendment_1_and_2.pdf), generated with kicad-footprint-generator")
    (tags capacitor)
    (path /6078A354)
    (attr smd)
    (fp_text reference C8 (at -3.4544 -0.0127) (layer F.SilkS)
      (effects (font (size 0.8128 0.8128) (thickness 0.1524)))
    )
    (fp_text value 22nF (at 0 1.43) (layer F.Fab)
      (effects (font (size 1 1) (thickness 0.15)))
    )
    (fp_line (start 1.48 0.73) (end -1.48 0.73) (layer F.CrtYd) (width 0.05))
    (fp_line (start 1.48 -0.73) (end 1.48 0.73) (layer F.CrtYd) (width 0.05))
    (fp_line (start -1.48 -0.73) (end 1.48 -0.73) (layer F.CrtYd) (width 0.05))
    (fp_line (start -1.48 0.73) (end -1.48 -0.73) (layer F.CrtYd) (width 0.05))
    (fp_line (start -0.14058 0.51) (end 0.14058 0.51) (layer F.SilkS) (width 0.1524))
    (fp_line (start -0.14058 -0.51) (end 0.14058 -0.51) (layer F.SilkS) (width 0.1524))
    (fp_line (start 0.8 0.4) (end -0.8 0.4) (layer F.Fab) (width 0.1))
    (fp_line (start 0.8 -0.4) (end 0.8 0.4) (layer F.Fab) (width 0.1))
    (fp_line (start -0.8 -0.4) (end 0.8 -0.4) (layer F.Fab) (width 0.1))
    (fp_line (start -0.8 0.4) (end -0.8 -0.4) (layer F.Fab) (width 0.1))
    (fp_text user %R (at 0 0) (layer F.Fab)
      (effects (font (size 0.4 0.4) (thickness 0.06)))
    )
    (pad 1 smd roundrect (at -0.775 0) (size 0.9 0.95) (layers F.Cu F.Paste F.Mask) (roundrect_rratio 0.25)
      (net 1 GND))
    (pad 2 smd roundrect (at 0.775 0) (size 0.9 0.95) (layers F.Cu F.Paste F.Mask) (roundrect_rratio 0.25)
      (net 6 /~SPEED_UP_PB))
    (model ${KISYS3DMOD}/Capacitor_SMD.3dshapes/C_0603_1608Metric.wrl
      (at (xyz 0 0 0))
      (scale (xyz 1 1 1))
      (rotate (xyz 0 0 0))
    )
  )

  (module Capacitor_SMD:C_0603_1608Metric (layer F.Cu) (tedit 5F68FEEE) (tstamp 603A15FB)
    (at 77.7878 117.8687)
    (descr "Capacitor SMD 0603 (1608 Metric), square (rectangular) end terminal, IPC_7351 nominal, (Body size source: IPC-SM-782 page 76, https://www.pcb-3d.com/wordpress/wp-content/uploads/ipc-sm-782a_amendment_1_and_2.pdf), generated with kicad-footprint-generator")
    (tags capacitor)
    (path /607895ED)
    (attr smd)
    (fp_text reference C7 (at -3.4928 -0.0127) (layer F.SilkS)
      (effects (font (size 0.8128 0.8128) (thickness 0.1524)))
    )
    (fp_text value 22nF (at 0 1.43) (layer F.Fab)
      (effects (font (size 1 1) (thickness 0.15)))
    )
    (fp_line (start -0.8 0.4) (end -0.8 -0.4) (layer F.Fab) (width 0.1))
    (fp_line (start -0.8 -0.4) (end 0.8 -0.4) (layer F.Fab) (width 0.1))
    (fp_line (start 0.8 -0.4) (end 0.8 0.4) (layer F.Fab) (width 0.1))
    (fp_line (start 0.8 0.4) (end -0.8 0.4) (layer F.Fab) (width 0.1))
    (fp_line (start -0.14058 -0.51) (end 0.14058 -0.51) (layer F.SilkS) (width 0.1524))
    (fp_line (start -0.14058 0.51) (end 0.14058 0.51) (layer F.SilkS) (width 0.1524))
    (fp_line (start -1.48 0.73) (end -1.48 -0.73) (layer F.CrtYd) (width 0.05))
    (fp_line (start -1.48 -0.73) (end 1.48 -0.73) (layer F.CrtYd) (width 0.05))
    (fp_line (start 1.48 -0.73) (end 1.48 0.73) (layer F.CrtYd) (width 0.05))
    (fp_line (start 1.48 0.73) (end -1.48 0.73) (layer F.CrtYd) (width 0.05))
    (fp_text user %R (at 0 0) (layer F.Fab)
      (effects (font (size 0.4 0.4) (thickness 0.06)))
    )
    (pad 2 smd roundrect (at 0.775 0) (size 0.9 0.95) (layers F.Cu F.Paste F.Mask) (roundrect_rratio 0.25)
      (net 5 /DIRECTION_DIP))
    (pad 1 smd roundrect (at -0.775 0) (size 0.9 0.95) (layers F.Cu F.Paste F.Mask) (roundrect_rratio 0.25)
      (net 1 GND))
    (model ${KISYS3DMOD}/Capacitor_SMD.3dshapes/C_0603_1608Metric.wrl
      (at (xyz 0 0 0))
      (scale (xyz 1 1 1))
      (rotate (xyz 0 0 0))
    )
  )

  (module MountingHole:MountingHole_3mm_Pad_Via (layer F.Cu) (tedit 603EA563) (tstamp 603B43F2)
    (at 55 112)
    (descr "Mounting Hole 3mm")
    (tags "mounting hole 3mm")
    (attr virtual)
    (fp_text reference REF** (at 0 -4) (layer F.SilkS) hide
      (effects (font (size 0.8128 0.8128) (thickness 0.1524)))
    )
    (fp_text value MountingHole_3mm_Pad_Via (at 0 4) (layer F.Fab)
      (effects (font (size 1 1) (thickness 0.15)))
    )
    (fp_circle (center 0 0) (end 3.25 0) (layer F.CrtYd) (width 0.05))
    (fp_circle (center 0 0) (end 3 0) (layer Cmts.User) (width 0.15))
    (fp_text user %R (at 0.3 0) (layer F.Fab)
      (effects (font (size 1 1) (thickness 0.15)))
    )
    (pad 1 thru_hole circle (at 1.59099 -1.59099) (size 0.8 0.8) (drill 0.5) (layers *.Cu *.Mask))
    (pad 1 thru_hole circle (at 0 -2.25) (size 0.8 0.8) (drill 0.5) (layers *.Cu *.Mask))
    (pad 1 thru_hole circle (at -1.59099 -1.59099) (size 0.8 0.8) (drill 0.5) (layers *.Cu *.Mask))
    (pad 1 thru_hole circle (at -2.25 0) (size 0.8 0.8) (drill 0.5) (layers *.Cu *.Mask))
    (pad 1 thru_hole circle (at -1.59099 1.59099) (size 0.8 0.8) (drill 0.5) (layers *.Cu *.Mask))
    (pad 1 thru_hole circle (at 0 2.25) (size 0.8 0.8) (drill 0.5) (layers *.Cu *.Mask))
    (pad 1 thru_hole circle (at 1.59099 1.59099) (size 0.8 0.8) (drill 0.5) (layers *.Cu *.Mask))
    (pad 1 thru_hole circle (at 2.25 0) (size 0.8 0.8) (drill 0.5) (layers *.Cu *.Mask))
    (pad 1 thru_hole circle (at 0 0) (size 6.000001 6.000001) (drill 2.999999) (layers *.Cu *.Mask)
      (net 1 GND))
  )

  (module Connector_PinSocket_1.27mm:PinSocket_2x03_P1.27mm_Vertical (layer F.Cu) (tedit 5A19A421) (tstamp 6042ACC4)
    (at 135.8265 149.7965 90)
    (descr "Through hole straight socket strip, 2x03, 1.27mm pitch, double cols (from Kicad 4.0.7), script generated")
    (tags "Through hole socket strip THT 2x03 1.27mm double row")
    (path /60A4905A)
    (fp_text reference SWD (at -0.635 -1.3335 90) (layer F.SilkS)
      (effects (font (size 0.8128 0.8128) (thickness 0.1524)))
    )
    (fp_text value SWD (at -0.635 4.675 90) (layer F.Fab)
      (effects (font (size 1 1) (thickness 0.15)))
    )
    (fp_line (start -2.67 3.7) (end -2.67 -1.15) (layer F.CrtYd) (width 0.05))
    (fp_line (start 1.38 3.7) (end -2.67 3.7) (layer F.CrtYd) (width 0.05))
    (fp_line (start 1.38 -1.15) (end 1.38 3.7) (layer F.CrtYd) (width 0.05))
    (fp_line (start -2.67 -1.15) (end 1.38 -1.15) (layer F.CrtYd) (width 0.05))
    (fp_line (start 0 -0.76) (end 0.95 -0.76) (layer F.SilkS) (width 0.1524))
    (fp_line (start 0.95 -0.76) (end 0.95 0) (layer F.SilkS) (width 0.1524))
    (fp_line (start 0.76 0.635) (end 0.95 0.635) (layer F.SilkS) (width 0.1524))
    (fp_line (start 0.95 0.635) (end 0.95 3.235) (layer F.SilkS) (width 0.1524))
    (fp_line (start -0.96247 3.235) (end -0.30753 3.235) (layer F.SilkS) (width 0.1524))
    (fp_line (start -2.22 3.235) (end -1.57753 3.235) (layer F.SilkS) (width 0.1524))
    (fp_line (start 0.30753 3.235) (end 0.95 3.235) (layer F.SilkS) (width 0.1524))
    (fp_line (start -2.22 -0.695) (end -2.22 3.235) (layer F.SilkS) (width 0.1524))
    (fp_line (start -0.96247 -0.695) (end -0.76 -0.695) (layer F.SilkS) (width 0.1524))
    (fp_line (start -2.22 -0.695) (end -1.57753 -0.695) (layer F.SilkS) (width 0.1524))
    (fp_line (start -2.16 3.175) (end -2.16 -0.635) (layer F.Fab) (width 0.1))
    (fp_line (start 0.89 3.175) (end -2.16 3.175) (layer F.Fab) (width 0.1))
    (fp_line (start 0.89 0.1275) (end 0.89 3.175) (layer F.Fab) (width 0.1))
    (fp_line (start 0.1275 -0.635) (end 0.89 0.1275) (layer F.Fab) (width 0.1))
    (fp_line (start -2.16 -0.635) (end 0.1275 -0.635) (layer F.Fab) (width 0.1))
    (fp_text user %R (at -0.635 1.27) (layer F.Fab)
      (effects (font (size 1 1) (thickness 0.15)))
    )
    (pad 1 thru_hole rect (at 0 0 90) (size 1 1) (drill 0.7) (layers *.Cu *.Mask)
      (net 36 /SWDIO))
    (pad 2 thru_hole oval (at -1.27 0 90) (size 1 1) (drill 0.7) (layers *.Cu *.Mask)
      (net 1 GND))
    (pad 3 thru_hole oval (at 0 1.27 90) (size 1 1) (drill 0.7) (layers *.Cu *.Mask)
      (net 37 /SWCLK))
    (pad 4 thru_hole oval (at -1.27 1.27 90) (size 1 1) (drill 0.7) (layers *.Cu *.Mask)
      (net 81 "Net-(J3-Pad4)"))
    (pad 5 thru_hole oval (at 0 2.54 90) (size 1 1) (drill 0.7) (layers *.Cu *.Mask)
      (net 28 "Net-(D4-Pad2)"))
    (pad 6 thru_hole oval (at -1.27 2.54 90) (size 1 1) (drill 0.7) (layers *.Cu *.Mask)
      (net 9 /~RESET_PB))
    (model ${KISYS3DMOD}/Connector_PinSocket_1.27mm.3dshapes/PinSocket_2x03_P1.27mm_Vertical.wrl
      (at (xyz 0 0 0))
      (scale (xyz 1 1 1))
      (rotate (xyz 0 0 0))
    )
  )

  (module Resistor_SMD:R_0603_1608Metric (layer F.Cu) (tedit 5F68FEEE) (tstamp 603A196F)
    (at 68.7705 150.9395 90)
    (descr "Resistor SMD 0603 (1608 Metric), square (rectangular) end terminal, IPC_7351 nominal, (Body size source: IPC-SM-782 page 72, https://www.pcb-3d.com/wordpress/wp-content/uploads/ipc-sm-782a_amendment_1_and_2.pdf), generated with kicad-footprint-generator")
    (tags resistor)
    (path /60527131)
    (attr smd)
    (fp_text reference R8 (at 3.1115 0.0635 90) (layer F.SilkS)
      (effects (font (size 0.8128 0.8128) (thickness 0.1524)))
    )
    (fp_text value 1k (at 0 1.43 90) (layer F.Fab)
      (effects (font (size 1 1) (thickness 0.15)))
    )
    (fp_line (start -0.8 0.4125) (end -0.8 -0.4125) (layer F.Fab) (width 0.1))
    (fp_line (start -0.8 -0.4125) (end 0.8 -0.4125) (layer F.Fab) (width 0.1))
    (fp_line (start 0.8 -0.4125) (end 0.8 0.4125) (layer F.Fab) (width 0.1))
    (fp_line (start 0.8 0.4125) (end -0.8 0.4125) (layer F.Fab) (width 0.1))
    (fp_line (start -0.237258 -0.5225) (end 0.237258 -0.5225) (layer F.SilkS) (width 0.1524))
    (fp_line (start -0.237258 0.5225) (end 0.237258 0.5225) (layer F.SilkS) (width 0.1524))
    (fp_line (start -1.48 0.73) (end -1.48 -0.73) (layer F.CrtYd) (width 0.05))
    (fp_line (start -1.48 -0.73) (end 1.48 -0.73) (layer F.CrtYd) (width 0.05))
    (fp_line (start 1.48 -0.73) (end 1.48 0.73) (layer F.CrtYd) (width 0.05))
    (fp_line (start 1.48 0.73) (end -1.48 0.73) (layer F.CrtYd) (width 0.05))
    (fp_text user %R (at 0 0 90) (layer F.Fab)
      (effects (font (size 0.4 0.4) (thickness 0.06)))
    )
    (pad 2 smd roundrect (at 0.825 0 90) (size 0.8 0.95) (layers F.Cu F.Paste F.Mask) (roundrect_rratio 0.25)
      (net 10 +3V3))
    (pad 1 smd roundrect (at -0.825 0 90) (size 0.8 0.95) (layers F.Cu F.Paste F.Mask) (roundrect_rratio 0.25)
      (net 26 "Net-(D3-Pad2)"))
    (model ${KISYS3DMOD}/Resistor_SMD.3dshapes/R_0603_1608Metric.wrl
      (at (xyz 0 0 0))
      (scale (xyz 1 1 1))
      (rotate (xyz 0 0 0))
    )
  )

  (module Package_TO_SOT_SMD:SOT-23 (layer F.Cu) (tedit 5A02FF57) (tstamp 603B5394)
    (at 73.025 150.876)
    (descr "SOT-23, Standard")
    (tags SOT-23)
    (path /60998213)
    (attr smd)
    (fp_text reference Q1 (at 0.254 -2.5) (layer F.SilkS)
      (effects (font (size 0.8128 0.8128) (thickness 0.1524)))
    )
    (fp_text value BSS84 (at 0 2.5) (layer F.Fab)
      (effects (font (size 1 1) (thickness 0.15)))
    )
    (fp_line (start 0.76 1.58) (end -0.7 1.58) (layer F.SilkS) (width 0.1524))
    (fp_line (start 0.76 -1.58) (end -1.4 -1.58) (layer F.SilkS) (width 0.1524))
    (fp_line (start -1.7 1.75) (end -1.7 -1.75) (layer F.CrtYd) (width 0.05))
    (fp_line (start 1.7 1.75) (end -1.7 1.75) (layer F.CrtYd) (width 0.05))
    (fp_line (start 1.7 -1.75) (end 1.7 1.75) (layer F.CrtYd) (width 0.05))
    (fp_line (start -1.7 -1.75) (end 1.7 -1.75) (layer F.CrtYd) (width 0.05))
    (fp_line (start 0.76 -1.58) (end 0.76 -0.65) (layer F.SilkS) (width 0.1524))
    (fp_line (start 0.76 1.58) (end 0.76 0.65) (layer F.SilkS) (width 0.1524))
    (fp_line (start -0.7 1.52) (end 0.7 1.52) (layer F.Fab) (width 0.1))
    (fp_line (start 0.7 -1.52) (end 0.7 1.52) (layer F.Fab) (width 0.1))
    (fp_line (start -0.7 -0.95) (end -0.15 -1.52) (layer F.Fab) (width 0.1))
    (fp_line (start -0.15 -1.52) (end 0.7 -1.52) (layer F.Fab) (width 0.1))
    (fp_line (start -0.7 -0.95) (end -0.7 1.5) (layer F.Fab) (width 0.1))
    (fp_text user %R (at 0 0 90) (layer F.Fab)
      (effects (font (size 0.5 0.5) (thickness 0.075)))
    )
    (pad 1 smd rect (at -1 -0.95) (size 0.9 0.8) (layers F.Cu F.Paste F.Mask)
      (net 12 /~DRV8353_FAULT))
    (pad 2 smd rect (at -1 0.95) (size 0.9 0.8) (layers F.Cu F.Paste F.Mask)
      (net 43 "Net-(Q1-Pad2)"))
    (pad 3 smd rect (at 1 0) (size 0.9 0.8) (layers F.Cu F.Paste F.Mask)
      (net 10 +3V3))
    (model ${KISYS3DMOD}/Package_TO_SOT_SMD.3dshapes/SOT-23.wrl
      (at (xyz 0 0 0))
      (scale (xyz 1 1 1))
      (rotate (xyz 0 0 0))
    )
  )

  (module Resistor_SMD:R_0603_1608Metric (layer F.Cu) (tedit 5F68FEEE) (tstamp 603B512E)
    (at 67.1195 150.94 90)
    (descr "Resistor SMD 0603 (1608 Metric), square (rectangular) end terminal, IPC_7351 nominal, (Body size source: IPC-SM-782 page 72, https://www.pcb-3d.com/wordpress/wp-content/uploads/ipc-sm-782a_amendment_1_and_2.pdf), generated with kicad-footprint-generator")
    (tags resistor)
    (path /60526D94)
    (attr smd)
    (fp_text reference R7 (at 3.112 0.0635 90) (layer F.SilkS)
      (effects (font (size 0.8128 0.8128) (thickness 0.1524)))
    )
    (fp_text value 1k (at 0 1.43 90) (layer F.Fab)
      (effects (font (size 1 1) (thickness 0.15)))
    )
    (fp_line (start -0.8 0.4125) (end -0.8 -0.4125) (layer F.Fab) (width 0.1))
    (fp_line (start -0.8 -0.4125) (end 0.8 -0.4125) (layer F.Fab) (width 0.1))
    (fp_line (start 0.8 -0.4125) (end 0.8 0.4125) (layer F.Fab) (width 0.1))
    (fp_line (start 0.8 0.4125) (end -0.8 0.4125) (layer F.Fab) (width 0.1))
    (fp_line (start -0.237258 -0.5225) (end 0.237258 -0.5225) (layer F.SilkS) (width 0.1524))
    (fp_line (start -0.237258 0.5225) (end 0.237258 0.5225) (layer F.SilkS) (width 0.1524))
    (fp_line (start -1.48 0.73) (end -1.48 -0.73) (layer F.CrtYd) (width 0.05))
    (fp_line (start -1.48 -0.73) (end 1.48 -0.73) (layer F.CrtYd) (width 0.05))
    (fp_line (start 1.48 -0.73) (end 1.48 0.73) (layer F.CrtYd) (width 0.05))
    (fp_line (start 1.48 0.73) (end -1.48 0.73) (layer F.CrtYd) (width 0.05))
    (fp_text user %R (at 0 0 90) (layer F.Fab)
      (effects (font (size 0.4 0.4) (thickness 0.06)))
    )
    (pad 2 smd roundrect (at 0.825 0 90) (size 0.8 0.95) (layers F.Cu F.Paste F.Mask) (roundrect_rratio 0.25)
      (net 10 +3V3))
    (pad 1 smd roundrect (at -0.825 0 90) (size 0.8 0.95) (layers F.Cu F.Paste F.Mask) (roundrect_rratio 0.25)
      (net 24 "Net-(D2-Pad2)"))
    (model ${KISYS3DMOD}/Resistor_SMD.3dshapes/R_0603_1608Metric.wrl
      (at (xyz 0 0 0))
      (scale (xyz 1 1 1))
      (rotate (xyz 0 0 0))
    )
  )

  (module Connector_JST:JST_EH_S4B-EH_1x04_P2.50mm_Horizontal (layer F.Cu) (tedit 5C281425) (tstamp 603A18C8)
    (at 136.9695 114.808 180)
    (descr "JST EH series connector, S4B-EH (http://www.jst-mfg.com/product/pdf/eng/eEH.pdf), generated with kicad-footprint-generator")
    (tags "connector JST EH horizontal")
    (path /607D7A04)
    (fp_text reference "EXTERNAL UART" (at 10.8585 -1.905 270) (layer F.SilkS)
      (effects (font (size 0.8128 0.8128) (thickness 0.1524)))
    )
    (fp_text value EXT_CMD (at 3.75 2.7) (layer F.Fab)
      (effects (font (size 1 1) (thickness 0.15)))
    )
    (fp_line (start -1.5 -0.7) (end -1.5 1.5) (layer F.Fab) (width 0.1))
    (fp_line (start -1.5 1.5) (end -2.5 1.5) (layer F.Fab) (width 0.1))
    (fp_line (start -2.5 1.5) (end -2.5 -6.7) (layer F.Fab) (width 0.1))
    (fp_line (start -2.5 -6.7) (end 10 -6.7) (layer F.Fab) (width 0.1))
    (fp_line (start 10 -6.7) (end 10 1.5) (layer F.Fab) (width 0.1))
    (fp_line (start 10 1.5) (end 9 1.5) (layer F.Fab) (width 0.1))
    (fp_line (start 9 1.5) (end 9 -0.7) (layer F.Fab) (width 0.1))
    (fp_line (start 9 -0.7) (end -1.5 -0.7) (layer F.Fab) (width 0.1))
    (fp_line (start -3 -7.2) (end -3 2) (layer F.CrtYd) (width 0.05))
    (fp_line (start -3 2) (end 10.5 2) (layer F.CrtYd) (width 0.05))
    (fp_line (start 10.5 2) (end 10.5 -7.2) (layer F.CrtYd) (width 0.05))
    (fp_line (start 10.5 -7.2) (end -3 -7.2) (layer F.CrtYd) (width 0.05))
    (fp_line (start -1.39 -0.59) (end -1.39 1.61) (layer F.SilkS) (width 0.1524))
    (fp_line (start -1.39 1.61) (end -2.61 1.61) (layer F.SilkS) (width 0.1524))
    (fp_line (start -2.61 1.61) (end -2.61 -6.81) (layer F.SilkS) (width 0.1524))
    (fp_line (start -2.61 -6.81) (end 10.11 -6.81) (layer F.SilkS) (width 0.1524))
    (fp_line (start 10.11 -6.81) (end 10.11 1.61) (layer F.SilkS) (width 0.1524))
    (fp_line (start 10.11 1.61) (end 8.89 1.61) (layer F.SilkS) (width 0.1524))
    (fp_line (start 8.89 1.61) (end 8.89 -0.59) (layer F.SilkS) (width 0.1524))
    (fp_line (start -2.61 -5.59) (end -1.39 -5.59) (layer F.SilkS) (width 0.1524))
    (fp_line (start -1.39 -5.59) (end -1.39 -0.59) (layer F.SilkS) (width 0.1524))
    (fp_line (start -1.39 -0.59) (end -2.61 -0.59) (layer F.SilkS) (width 0.1524))
    (fp_line (start 10.11 -5.59) (end 8.89 -5.59) (layer F.SilkS) (width 0.1524))
    (fp_line (start 8.89 -5.59) (end 8.89 -0.59) (layer F.SilkS) (width 0.1524))
    (fp_line (start 8.89 -0.59) (end 10.11 -0.59) (layer F.SilkS) (width 0.1524))
    (fp_line (start -1.39 -1.59) (end 8.89 -1.59) (layer F.SilkS) (width 0.1524))
    (fp_line (start 0 -1.59) (end -0.32 -1.59) (layer F.SilkS) (width 0.1524))
    (fp_line (start -0.32 -1.59) (end -0.32 -5.01) (layer F.SilkS) (width 0.1524))
    (fp_line (start -0.32 -5.01) (end 0 -5.09) (layer F.SilkS) (width 0.1524))
    (fp_line (start 0 -5.09) (end 0.32 -5.01) (layer F.SilkS) (width 0.1524))
    (fp_line (start 0.32 -5.01) (end 0.32 -1.59) (layer F.SilkS) (width 0.1524))
    (fp_line (start 0.32 -1.59) (end 0 -1.59) (layer F.SilkS) (width 0.1524))
    (fp_line (start 1.17 -0.59) (end 1.33 -0.59) (layer F.SilkS) (width 0.1524))
    (fp_line (start 2.5 -1.59) (end 2.18 -1.59) (layer F.SilkS) (width 0.1524))
    (fp_line (start 2.18 -1.59) (end 2.18 -5.01) (layer F.SilkS) (width 0.1524))
    (fp_line (start 2.18 -5.01) (end 2.5 -5.09) (layer F.SilkS) (width 0.1524))
    (fp_line (start 2.5 -5.09) (end 2.82 -5.01) (layer F.SilkS) (width 0.1524))
    (fp_line (start 2.82 -5.01) (end 2.82 -1.59) (layer F.SilkS) (width 0.1524))
    (fp_line (start 2.82 -1.59) (end 2.5 -1.59) (layer F.SilkS) (width 0.1524))
    (fp_line (start 3.67 -0.59) (end 3.83 -0.59) (layer F.SilkS) (width 0.1524))
    (fp_line (start 5 -1.59) (end 4.68 -1.59) (layer F.SilkS) (width 0.1524))
    (fp_line (start 4.68 -1.59) (end 4.68 -5.01) (layer F.SilkS) (width 0.1524))
    (fp_line (start 4.68 -5.01) (end 5 -5.09) (layer F.SilkS) (width 0.1524))
    (fp_line (start 5 -5.09) (end 5.32 -5.01) (layer F.SilkS) (width 0.1524))
    (fp_line (start 5.32 -5.01) (end 5.32 -1.59) (layer F.SilkS) (width 0.1524))
    (fp_line (start 5.32 -1.59) (end 5 -1.59) (layer F.SilkS) (width 0.1524))
    (fp_line (start 6.17 -0.59) (end 6.33 -0.59) (layer F.SilkS) (width 0.1524))
    (fp_line (start 7.5 -1.59) (end 7.18 -1.59) (layer F.SilkS) (width 0.1524))
    (fp_line (start 7.18 -1.59) (end 7.18 -5.01) (layer F.SilkS) (width 0.1524))
    (fp_line (start 7.18 -5.01) (end 7.5 -5.09) (layer F.SilkS) (width 0.1524))
    (fp_line (start 7.5 -5.09) (end 7.82 -5.01) (layer F.SilkS) (width 0.1524))
    (fp_line (start 7.82 -5.01) (end 7.82 -1.59) (layer F.SilkS) (width 0.1524))
    (fp_line (start 7.82 -1.59) (end 7.5 -1.59) (layer F.SilkS) (width 0.1524))
    (fp_line (start 0 1.5) (end -0.3 2.1) (layer F.SilkS) (width 0.1524))
    (fp_line (start -0.3 2.1) (end 0.3 2.1) (layer F.SilkS) (width 0.1524))
    (fp_line (start 0.3 2.1) (end 0 1.5) (layer F.SilkS) (width 0.1524))
    (fp_line (start -0.5 -0.7) (end 0 -1.407107) (layer F.Fab) (width 0.1))
    (fp_line (start 0 -1.407107) (end 0.5 -0.7) (layer F.Fab) (width 0.1))
    (fp_text user %R (at 3.75 -2.6) (layer F.Fab)
      (effects (font (size 1 1) (thickness 0.15)))
    )
    (pad 4 thru_hole oval (at 7.5 0 180) (size 1.7 1.95) (drill 0.95) (layers *.Cu *.Mask)
      (net 1 GND))
    (pad 3 thru_hole oval (at 5 0 180) (size 1.7 1.95) (drill 0.95) (layers *.Cu *.Mask)
      (net 38 /EXT_UART_TX))
    (pad 2 thru_hole oval (at 2.5 0 180) (size 1.7 1.95) (drill 0.95) (layers *.Cu *.Mask)
      (net 39 /EXT_UART_RX))
    (pad 1 thru_hole roundrect (at 0 0 180) (size 1.7 1.95) (drill 0.95) (layers *.Cu *.Mask) (roundrect_rratio 0.1470588235294118)
      (net 29 "Net-(D5-Pad2)"))
    (model ${KISYS3DMOD}/Connector_JST.3dshapes/JST_EH_S4B-EH_1x04_P2.50mm_Horizontal.wrl
      (at (xyz 0 0 0))
      (scale (xyz 1 1 1))
      (rotate (xyz 0 0 0))
    )
  )

  (module Resistor_SMD:R_0603_1608Metric (layer F.Cu) (tedit 5F68FEEE) (tstamp 603A194D)
    (at 65.4685 150.939 90)
    (descr "Resistor SMD 0603 (1608 Metric), square (rectangular) end terminal, IPC_7351 nominal, (Body size source: IPC-SM-782 page 72, https://www.pcb-3d.com/wordpress/wp-content/uploads/ipc-sm-782a_amendment_1_and_2.pdf), generated with kicad-footprint-generator")
    (tags resistor)
    (path /62708B7C)
    (attr smd)
    (fp_text reference R6 (at 3.111 -0.0635 90) (layer F.SilkS)
      (effects (font (size 0.8128 0.8128) (thickness 0.1524)))
    )
    (fp_text value 1k (at 0 1.43 90) (layer F.Fab)
      (effects (font (size 1 1) (thickness 0.15)))
    )
    (fp_line (start -0.8 0.4125) (end -0.8 -0.4125) (layer F.Fab) (width 0.1))
    (fp_line (start -0.8 -0.4125) (end 0.8 -0.4125) (layer F.Fab) (width 0.1))
    (fp_line (start 0.8 -0.4125) (end 0.8 0.4125) (layer F.Fab) (width 0.1))
    (fp_line (start 0.8 0.4125) (end -0.8 0.4125) (layer F.Fab) (width 0.1))
    (fp_line (start -0.237258 -0.5225) (end 0.237258 -0.5225) (layer F.SilkS) (width 0.1524))
    (fp_line (start -0.237258 0.5225) (end 0.237258 0.5225) (layer F.SilkS) (width 0.1524))
    (fp_line (start -1.48 0.73) (end -1.48 -0.73) (layer F.CrtYd) (width 0.05))
    (fp_line (start -1.48 -0.73) (end 1.48 -0.73) (layer F.CrtYd) (width 0.05))
    (fp_line (start 1.48 -0.73) (end 1.48 0.73) (layer F.CrtYd) (width 0.05))
    (fp_line (start 1.48 0.73) (end -1.48 0.73) (layer F.CrtYd) (width 0.05))
    (fp_text user %R (at 0 0 90) (layer F.Fab)
      (effects (font (size 0.4 0.4) (thickness 0.06)))
    )
    (pad 2 smd roundrect (at 0.825 0 90) (size 0.8 0.95) (layers F.Cu F.Paste F.Mask) (roundrect_rratio 0.25)
      (net 10 +3V3))
    (pad 1 smd roundrect (at -0.825 0 90) (size 0.8 0.95) (layers F.Cu F.Paste F.Mask) (roundrect_rratio 0.25)
      (net 23 "Net-(D1-Pad2)"))
    (model ${KISYS3DMOD}/Resistor_SMD.3dshapes/R_0603_1608Metric.wrl
      (at (xyz 0 0 0))
      (scale (xyz 1 1 1))
      (rotate (xyz 0 0 0))
    )
  )

  (module Resistor_SMD:R_0603_1608Metric (layer F.Cu) (tedit 5F68FEEE) (tstamp 603A1B3A)
    (at 70.4215 150.876 90)
    (descr "Resistor SMD 0603 (1608 Metric), square (rectangular) end terminal, IPC_7351 nominal, (Body size source: IPC-SM-782 page 72, https://www.pcb-3d.com/wordpress/wp-content/uploads/ipc-sm-782a_amendment_1_and_2.pdf), generated with kicad-footprint-generator")
    (tags resistor)
    (path /605208EB)
    (attr smd)
    (fp_text reference R35 (at 2.794 0.0635 90) (layer F.SilkS)
      (effects (font (size 0.8128 0.8128) (thickness 0.1524)))
    )
    (fp_text value 2.2k (at 0 1.43 90) (layer F.Fab)
      (effects (font (size 1 1) (thickness 0.15)))
    )
    (fp_line (start 1.48 0.73) (end -1.48 0.73) (layer F.CrtYd) (width 0.05))
    (fp_line (start 1.48 -0.73) (end 1.48 0.73) (layer F.CrtYd) (width 0.05))
    (fp_line (start -1.48 -0.73) (end 1.48 -0.73) (layer F.CrtYd) (width 0.05))
    (fp_line (start -1.48 0.73) (end -1.48 -0.73) (layer F.CrtYd) (width 0.05))
    (fp_line (start -0.237258 0.5225) (end 0.237258 0.5225) (layer F.SilkS) (width 0.1524))
    (fp_line (start -0.237258 -0.5225) (end 0.237258 -0.5225) (layer F.SilkS) (width 0.1524))
    (fp_line (start 0.8 0.4125) (end -0.8 0.4125) (layer F.Fab) (width 0.1))
    (fp_line (start 0.8 -0.4125) (end 0.8 0.4125) (layer F.Fab) (width 0.1))
    (fp_line (start -0.8 -0.4125) (end 0.8 -0.4125) (layer F.Fab) (width 0.1))
    (fp_line (start -0.8 0.4125) (end -0.8 -0.4125) (layer F.Fab) (width 0.1))
    (fp_text user %R (at 0 0 90) (layer F.Fab)
      (effects (font (size 0.4 0.4) (thickness 0.06)))
    )
    (pad 1 smd roundrect (at -0.825 0 90) (size 0.8 0.95) (layers F.Cu F.Paste F.Mask) (roundrect_rratio 0.25)
      (net 30 "Net-(D6-Pad2)"))
    (pad 2 smd roundrect (at 0.825 0 90) (size 0.8 0.95) (layers F.Cu F.Paste F.Mask) (roundrect_rratio 0.25)
      (net 43 "Net-(Q1-Pad2)"))
    (model ${KISYS3DMOD}/Resistor_SMD.3dshapes/R_0603_1608Metric.wrl
      (at (xyz 0 0 0))
      (scale (xyz 1 1 1))
      (rotate (xyz 0 0 0))
    )
  )

  (module Resistor_SMD:R_0603_1608Metric (layer F.Cu) (tedit 5F68FEEE) (tstamp 603A1B8F)
    (at 95.3765 103.6955)
    (descr "Resistor SMD 0603 (1608 Metric), square (rectangular) end terminal, IPC_7351 nominal, (Body size source: IPC-SM-782 page 72, https://www.pcb-3d.com/wordpress/wp-content/uploads/ipc-sm-782a_amendment_1_and_2.pdf), generated with kicad-footprint-generator")
    (tags resistor)
    (path /60C80CDB)
    (attr smd)
    (fp_text reference R40 (at -2.6665 -0.0635) (layer F.SilkS)
      (effects (font (size 0.8128 0.8128) (thickness 0.1524)))
    )
    (fp_text value 0 (at 0 1.43) (layer F.Fab)
      (effects (font (size 1 1) (thickness 0.15)))
    )
    (fp_line (start 1.48 0.73) (end -1.48 0.73) (layer F.CrtYd) (width 0.05))
    (fp_line (start 1.48 -0.73) (end 1.48 0.73) (layer F.CrtYd) (width 0.05))
    (fp_line (start -1.48 -0.73) (end 1.48 -0.73) (layer F.CrtYd) (width 0.05))
    (fp_line (start -1.48 0.73) (end -1.48 -0.73) (layer F.CrtYd) (width 0.05))
    (fp_line (start -0.237258 0.5225) (end 0.237258 0.5225) (layer F.SilkS) (width 0.1524))
    (fp_line (start -0.237258 -0.5225) (end 0.237258 -0.5225) (layer F.SilkS) (width 0.1524))
    (fp_line (start 0.8 0.4125) (end -0.8 0.4125) (layer F.Fab) (width 0.1))
    (fp_line (start 0.8 -0.4125) (end 0.8 0.4125) (layer F.Fab) (width 0.1))
    (fp_line (start -0.8 -0.4125) (end 0.8 -0.4125) (layer F.Fab) (width 0.1))
    (fp_line (start -0.8 0.4125) (end -0.8 -0.4125) (layer F.Fab) (width 0.1))
    (fp_text user %R (at 0 0) (layer F.Fab)
      (effects (font (size 0.4 0.4) (thickness 0.06)))
    )
    (pad 1 smd roundrect (at -0.825 0) (size 0.8 0.95) (layers F.Cu F.Paste F.Mask) (roundrect_rratio 0.25)
      (net 64 "Net-(R40-Pad1)"))
    (pad 2 smd roundrect (at 0.825 0) (size 0.8 0.95) (layers F.Cu F.Paste F.Mask) (roundrect_rratio 0.25)
      (net 44 /GATE_HI_A))
    (model ${KISYS3DMOD}/Resistor_SMD.3dshapes/R_0603_1608Metric.wrl
      (at (xyz 0 0 0))
      (scale (xyz 1 1 1))
      (rotate (xyz 0 0 0))
    )
  )

  (module Button_Switch_SMD:SW_SPST_B3U-1000P (layer F.Cu) (tedit 5A02FC95) (tstamp 603A1CE6)
    (at 61.242 120.3)
    (descr "Ultra-small-sized Tactile Switch with High Contact Reliability, Top-actuated Model, without Ground Terminal, without Boss")
    (tags "Tactile Switch")
    (path /609A8F9C)
    (attr smd)
    (fp_text reference RESET (at 0.226 -5.492) (layer F.SilkS)
      (effects (font (size 0.8128 0.8128) (thickness 0.1524)))
    )
    (fp_text value B3U (at 0 2.5) (layer F.Fab)
      (effects (font (size 1 1) (thickness 0.15)))
    )
