(kicad_pcb (version 20171130) (host pcbnew "(5.1.8)-1")

  (general
    (thickness 1.6)
    (drawings 12)
    (tracks 1979)
    (zones 0)
    (modules 145)
    (nets 98)
  )

  (page A4)
  (layers
    (0 F.Cu power)
    (1 In1.Cu signal)
    (2 In2.Cu signal)
    (31 B.Cu power)
    (32 B.Adhes user)
    (33 F.Adhes user)
    (34 B.Paste user)
    (35 F.Paste user)
    (36 B.SilkS user)
    (37 F.SilkS user)
    (38 B.Mask user)
    (39 F.Mask user)
    (40 Dwgs.User user)
    (41 Cmts.User user)
    (42 Eco1.User user)
    (43 Eco2.User user)
    (44 Edge.Cuts user)
    (45 Margin user)
    (46 B.CrtYd user)
    (47 F.CrtYd user)
    (48 B.Fab user)
    (49 F.Fab user hide)
  )

  (setup
    (last_trace_width 0.25)
    (user_trace_width 0.3)
    (user_trace_width 0.4)
    (user_trace_width 0.45)
    (user_trace_width 0.5)
    (user_trace_width 0.889)
    (trace_clearance 0.2)
    (zone_clearance 0.3)
    (zone_45_only no)
    (trace_min 0.2)
    (via_size 0.8)
    (via_drill 0.4)
    (via_min_size 0.399796)
    (via_min_drill 0.3)
    (uvia_size 0.3)
    (uvia_drill 0.1)
    (uvias_allowed no)
    (uvia_min_size 0.2)
    (uvia_min_drill 0.1)
    (edge_width 0.05)
    (segment_width 0.2)
    (pcb_text_width 0.3)
    (pcb_text_size 1.5 1.5)
    (mod_edge_width 0.1524)
    (mod_text_size 0.8128 0.8128)
    (mod_text_width 0.1524)
    (pad_size 6.000001 6.000001)
    (pad_drill 2.999999)
    (pad_to_mask_clearance 0)
    (aux_axis_origin 0 0)
    (visible_elements 7FFFF7FF)
    (pcbplotparams
      (layerselection 0x010fc_ffffffff)
      (usegerberextensions false)
      (usegerberattributes true)
      (usegerberadvancedattributes true)
      (creategerberjobfile true)
      (excludeedgelayer true)
      (linewidth 0.100000)
      (plotframeref false)
      (viasonmask false)
      (mode 1)
      (useauxorigin false)
      (hpglpennumber 1)
      (hpglpenspeed 20)
      (hpglpendiameter 15.000000)
      (psnegative false)
      (psa4output false)
      (plotreference true)
      (plotvalue true)
      (plotinvisibletext false)
      (padsonsilk false)
      (subtractmaskfromsilk false)
      (outputformat 1)
      (mirror false)
      (drillshape 0)
      (scaleselection 1)
      (outputdirectory "Gerbers/"))
  )

  (net 0 "")
  (net 1 GND)
  (net 2 Vdrive)
  (net 3 "Net-(C4-Pad2)")
  (net 4 "Net-(C5-Pad2)")
  (net 5 /DIRECTION_DIP)
  (net 6 /~SPEED_UP_PB)
  (net 7 /~SPEED_DOWN_PB)
  (net 8 /~BRAKE_PB)
  (net 9 /~RESET_PB)
  (net 10 +3V3)
  (net 11 +5V)
  (net 12 /~DRV8353_FAULT)
  (net 13 /DRV8353_EN)
  (net 14 /~BRAKE)
  (net 15 /DIRECTION)
  (net 16 "Net-(C26-Pad1)")
  (net 17 "Net-(C27-Pad1)")
  (net 18 "Net-(C28-Pad1)")
  (net 19 "Net-(C31-Pad2)")
  (net 20 "Net-(C32-Pad1)")
  (net 21 "Net-(C32-Pad2)")
  (net 22 /~LED_DIR)
  (net 23 "Net-(D1-Pad2)")
  (net 24 "Net-(D2-Pad2)")
  (net 25 /~LED_SPEED)
  (net 26 "Net-(D3-Pad2)")
  (net 27 /~SYS_FAULT)
  (net 28 "Net-(D4-Pad2)")
  (net 29 "Net-(D5-Pad2)")
  (net 30 "Net-(D6-Pad2)")
  (net 31 /HALLC_JMP)
  (net 32 /HALLB_JMP)
  (net 33 /HALLA_JMP)
  (net 34 /MOT_TEMP)
  (net 35 /SWDIO)
  (net 36 /SWCLK)
  (net 37 /EXT_UART_TX)
  (net 38 /EXT_UART_RX)
  (net 39 /MOT_A)
  (net 40 /MOT_B)
  (net 41 /MOT_C)
  (net 42 "Net-(Q1-Pad2)")
  (net 43 /GATE_HI_A)
  (net 44 /SHUNT_POS_A)
  (net 45 /GATE_LO_A)
  (net 46 /GATE_HI_B)
  (net 47 /SHUNT_POS_B)
  (net 48 /GATE_LO_B)
  (net 49 /GATE_HI_C)
  (net 50 /GATE_LO_C)
  (net 51 /SHUNT_POS_C)
  (net 52 /SCLK)
  (net 53 /MISO)
  (net 54 /MOSI)
  (net 55 /~DRV8353_CS)
  (net 56 /SPEED_PWM)
  (net 57 /HALLA)
  (net 58 /HALLB)
  (net 59 /HALLC)
  (net 60 /I_PHASE_A)
  (net 61 /I_PHASE_B)
  (net 62 /I_PHASE_C)
  (net 63 "Net-(R40-Pad1)")
  (net 64 "Net-(R41-Pad1)")
  (net 65 "Net-(R42-Pad1)")
  (net 66 "Net-(R43-Pad1)")
  (net 67 "Net-(R44-Pad1)")
  (net 68 "Net-(R45-Pad1)")
  (net 69 "Net-(R46-Pad1)")
  (net 70 "Net-(R47-Pad1)")
  (net 71 "Net-(R48-Pad1)")
  (net 72 "Net-(R49-Pad1)")
  (net 73 "Net-(R50-Pad1)")
  (net 74 "Net-(R51-Pad1)")
  (net 75 "Net-(R52-Pad1)")
  (net 76 "Net-(R53-Pad1)")
  (net 77 "Net-(R54-Pad1)")
  (net 78 "Net-(U3-Pad2)")
  (net 79 "Net-(U4-Pad2)")
  (net 80 "Net-(J3-Pad4)")
  (net 81 "Net-(C36-Pad1)")
  (net 82 /XTAL_IN)
  (net 83 /XTAL_OUT)
  (net 84 /I_PHASE_C_JMP)
  (net 85 /I_PHASE_B_JMP)
  (net 86 /I_PHASE_A_JMP)
  (net 87 /MOT_TEMP_JMP)
  (net 88 /SCLK_JMP)
  (net 89 /MISO_JMP)
  (net 90 /MOSI_JMP)
  (net 91 /~DRV8353_CS_JMP)
  (net 92 /SPEED_PWM_JMP)
  (net 93 /DIRECTION_JMP)
  (net 94 /~BRAKE_JMP)
  (net 95 /DRV8353_EN_JMP)
  (net 96 /~DRV8353_FAULT_JMP)
  (net 97 "Net-(R36-Pad1)")

  (net_class Default "This is the default net class."
    (clearance 0.2)
    (trace_width 0.25)
    (via_dia 0.8)
    (via_drill 0.4)
    (uvia_dia 0.3)
    (uvia_drill 0.1)
    (add_net +3V3)
    (add_net +5V)
    (add_net /DIRECTION)
    (add_net /DIRECTION_DIP)
    (add_net /DIRECTION_JMP)
    (add_net /DRV8353_EN)
    (add_net /DRV8353_EN_JMP)
    (add_net /EXT_UART_RX)
    (add_net /EXT_UART_TX)
    (add_net /GATE_HI_A)
    (add_net /GATE_HI_B)
    (add_net /GATE_HI_C)
    (add_net /GATE_LO_A)
    (add_net /GATE_LO_B)
    (add_net /GATE_LO_C)
    (add_net /HALLA)
    (add_net /HALLA_JMP)
    (add_net /HALLB)
    (add_net /HALLB_JMP)
    (add_net /HALLC)
    (add_net /HALLC_JMP)
    (add_net /I_PHASE_A)
    (add_net /I_PHASE_A_JMP)
    (add_net /I_PHASE_B)
    (add_net /I_PHASE_B_JMP)
    (add_net /I_PHASE_C)
    (add_net /I_PHASE_C_JMP)
    (add_net /MISO)
    (add_net /MISO_JMP)
    (add_net /MOSI)
    (add_net /MOSI_JMP)
    (add_net /MOT_A)
    (add_net /MOT_B)
    (add_net /MOT_C)
    (add_net /MOT_TEMP)
    (add_net /MOT_TEMP_JMP)
    (add_net /SCLK)
    (add_net /SCLK_JMP)
    (add_net /SHUNT_POS_A)
    (add_net /SHUNT_POS_B)
    (add_net /SHUNT_POS_C)
    (add_net /SPEED_PWM)
    (add_net /SPEED_PWM_JMP)
    (add_net /SWCLK)
    (add_net /SWDIO)
    (add_net /XTAL_IN)
    (add_net /XTAL_OUT)
    (add_net /~BRAKE)
    (add_net /~BRAKE_JMP)
    (add_net /~BRAKE_PB)
    (add_net /~DRV8353_CS)
    (add_net /~DRV8353_CS_JMP)
    (add_net /~DRV8353_FAULT)
    (add_net /~DRV8353_FAULT_JMP)
    (add_net /~LED_DIR)
    (add_net /~LED_SPEED)
    (add_net /~RESET_PB)
    (add_net /~SPEED_DOWN_PB)
    (add_net /~SPEED_UP_PB)
    (add_net /~SYS_FAULT)
    (add_net GND)
    (add_net "Net-(C26-Pad1)")
    (add_net "Net-(C27-Pad1)")
    (add_net "Net-(C28-Pad1)")
    (add_net "Net-(C31-Pad2)")
    (add_net "Net-(C32-Pad1)")
    (add_net "Net-(C32-Pad2)")
    (add_net "Net-(C36-Pad1)")
    (add_net "Net-(C4-Pad2)")
    (add_net "Net-(C5-Pad2)")
    (add_net "Net-(D1-Pad2)")
    (add_net "Net-(D2-Pad2)")
    (add_net "Net-(D3-Pad2)")
    (add_net "Net-(D4-Pad2)")
    (add_net "Net-(D5-Pad2)")
    (add_net "Net-(D6-Pad2)")
    (add_net "Net-(J3-Pad4)")
    (add_net "Net-(Q1-Pad2)")
    (add_net "Net-(R36-Pad1)")
    (add_net "Net-(R40-Pad1)")
    (add_net "Net-(R41-Pad1)")
    (add_net "Net-(R42-Pad1)")
    (add_net "Net-(R43-Pad1)")
    (add_net "Net-(R44-Pad1)")
    (add_net "Net-(R45-Pad1)")
    (add_net "Net-(R46-Pad1)")
    (add_net "Net-(R47-Pad1)")
    (add_net "Net-(R48-Pad1)")
    (add_net "Net-(R49-Pad1)")
    (add_net "Net-(R50-Pad1)")
    (add_net "Net-(R51-Pad1)")
    (add_net "Net-(R52-Pad1)")
    (add_net "Net-(R53-Pad1)")
    (add_net "Net-(R54-Pad1)")
    (add_net "Net-(U3-Pad2)")
    (add_net "Net-(U4-Pad2)")
    (add_net Vdrive)
  )

  (net_class 35 ""
    (clearance 0.2)
    (trace_width 0.25)
    (via_dia 0.8)
    (via_drill 0.4)
    (uvia_dia 0.3)
    (uvia_drill 0.1)
  )

  (module Resistor_SMD:R_0603_1608Metric (layer F.Cu) (tedit 5F68FEEE) (tstamp 6047ACBD)
    (at 110.744 117.348)
    (descr "Resistor SMD 0603 (1608 Metric), square (rectangular) end terminal, IPC_7351 nominal, (Body size source: IPC-SM-782 page 72, https://www.pcb-3d.com/wordpress/wp-content/uploads/ipc-sm-782a_amendment_1_and_2.pdf), generated with kicad-footprint-generator")
    (tags resistor)
    (path /60522C9E)
    (attr smd)
    (fp_text reference R26 (at 0 -1.43) (layer F.SilkS)
      (effects (font (size 1 1) (thickness 0.15)))
    )
    (fp_text value 2.2k (at 0 1.43) (layer F.Fab)
      (effects (font (size 1 1) (thickness 0.15)))
    )
    (fp_line (start 1.48 0.73) (end -1.48 0.73) (layer F.CrtYd) (width 0.05))
    (fp_line (start 1.48 -0.73) (end 1.48 0.73) (layer F.CrtYd) (width 0.05))
    (fp_line (start -1.48 -0.73) (end 1.48 -0.73) (layer F.CrtYd) (width 0.05))
    (fp_line (start -1.48 0.73) (end -1.48 -0.73) (layer F.CrtYd) (width 0.05))
    (fp_line (start -0.237258 0.5225) (end 0.237258 0.5225) (layer F.SilkS) (width 0.12))
    (fp_line (start -0.237258 -0.5225) (end 0.237258 -0.5225) (layer F.SilkS) (width 0.12))
    (fp_line (start 0.8 0.4125) (end -0.8 0.4125) (layer F.Fab) (width 0.1))
    (fp_line (start 0.8 -0.4125) (end 0.8 0.4125) (layer F.Fab) (width 0.1))
    (fp_line (start -0.8 -0.4125) (end 0.8 -0.4125) (layer F.Fab) (width 0.1))
    (fp_line (start -0.8 0.4125) (end -0.8 -0.4125) (layer F.Fab) (width 0.1))
    (fp_text user %R (at 0 0) (layer F.Fab)
      (effects (font (size 0.4 0.4) (thickness 0.06)))
    )
    (pad 1 smd roundrect (at -0.825 0) (size 0.8 0.95) (layers F.Cu F.Paste F.Mask) (roundrect_rratio 0.25)
      (net 12 /~DRV8353_FAULT))
    (pad 2 smd roundrect (at 0.825 0) (size 0.8 0.95) (layers F.Cu F.Paste F.Mask) (roundrect_rratio 0.25)
      (net 10 +3V3))
    (model ${KISYS3DMOD}/Resistor_SMD.3dshapes/R_0603_1608Metric.wrl
      (at (xyz 0 0 0))
      (scale (xyz 1 1 1))
      (rotate (xyz 0 0 0))
    )
  )

  (module Capacitor_SMD:C_0603_1608Metric (layer F.Cu) (tedit 5F68FEEE) (tstamp 6047AC8D)
    (at 110.744 115.824 180)
    (descr "Capacitor SMD 0603 (1608 Metric), square (rectangular) end terminal, IPC_7351 nominal, (Body size source: IPC-SM-782 page 76, https://www.pcb-3d.com/wordpress/wp-content/uploads/ipc-sm-782a_amendment_1_and_2.pdf), generated with kicad-footprint-generator")
    (tags capacitor)
    (path /60A58170)
    (attr smd)
    (fp_text reference C19 (at 0 -1.43) (layer F.SilkS)
      (effects (font (size 1 1) (thickness 0.15)))
    )
    (fp_text value 22nF (at 0 1.43) (layer F.Fab)
      (effects (font (size 1 1) (thickness 0.15)))
    )
    (fp_line (start 1.48 0.73) (end -1.48 0.73) (layer F.CrtYd) (width 0.05))
    (fp_line (start 1.48 -0.73) (end 1.48 0.73) (layer F.CrtYd) (width 0.05))
    (fp_line (start -1.48 -0.73) (end 1.48 -0.73) (layer F.CrtYd) (width 0.05))
    (fp_line (start -1.48 0.73) (end -1.48 -0.73) (layer F.CrtYd) (width 0.05))
    (fp_line (start -0.14058 0.51) (end 0.14058 0.51) (layer F.SilkS) (width 0.12))
    (fp_line (start -0.14058 -0.51) (end 0.14058 -0.51) (layer F.SilkS) (width 0.12))
    (fp_line (start 0.8 0.4) (end -0.8 0.4) (layer F.Fab) (width 0.1))
    (fp_line (start 0.8 -0.4) (end 0.8 0.4) (layer F.Fab) (width 0.1))
    (fp_line (start -0.8 -0.4) (end 0.8 -0.4) (layer F.Fab) (width 0.1))
    (fp_line (start -0.8 0.4) (end -0.8 -0.4) (layer F.Fab) (width 0.1))
    (fp_text user %R (at 0 0) (layer F.Fab)
      (effects (font (size 0.4 0.4) (thickness 0.06)))
    )
    (pad 1 smd roundrect (at -0.775 0 180) (size 0.9 0.95) (layers F.Cu F.Paste F.Mask) (roundrect_rratio 0.25)
      (net 1 GND))
    (pad 2 smd roundrect (at 0.775 0 180) (size 0.9 0.95) (layers F.Cu F.Paste F.Mask) (roundrect_rratio 0.25)
      (net 12 /~DRV8353_FAULT))
    (model ${KISYS3DMOD}/Capacitor_SMD.3dshapes/C_0603_1608Metric.wrl
      (at (xyz 0 0 0))
      (scale (xyz 1 1 1))
      (rotate (xyz 0 0 0))
    )
  )

  (module Resistor_SMD:R_0603_1608Metric (layer F.Cu) (tedit 5F68FEEE) (tstamp 6047AC5D)
    (at 110.7435 109.728 180)
    (descr "Resistor SMD 0603 (1608 Metric), square (rectangular) end terminal, IPC_7351 nominal, (Body size source: IPC-SM-782 page 72, https://www.pcb-3d.com/wordpress/wp-content/uploads/ipc-sm-782a_amendment_1_and_2.pdf), generated with kicad-footprint-generator")
    (tags resistor)
    (path /604404A4)
    (attr smd)
    (fp_text reference R12 (at 0 -1.43) (layer F.SilkS)
      (effects (font (size 1 1) (thickness 0.15)))
    )
    (fp_text value 0 (at 0 1.43) (layer F.Fab)
      (effects (font (size 1 1) (thickness 0.15)))
    )
    (fp_line (start 1.48 0.73) (end -1.48 0.73) (layer F.CrtYd) (width 0.05))
    (fp_line (start 1.48 -0.73) (end 1.48 0.73) (layer F.CrtYd) (width 0.05))
    (fp_line (start -1.48 -0.73) (end 1.48 -0.73) (layer F.CrtYd) (width 0.05))
    (fp_line (start -1.48 0.73) (end -1.48 -0.73) (layer F.CrtYd) (width 0.05))
    (fp_line (start -0.237258 0.5225) (end 0.237258 0.5225) (layer F.SilkS) (width 0.12))
    (fp_line (start -0.237258 -0.5225) (end 0.237258 -0.5225) (layer F.SilkS) (width 0.12))
    (fp_line (start 0.8 0.4125) (end -0.8 0.4125) (layer F.Fab) (width 0.1))
    (fp_line (start 0.8 -0.4125) (end 0.8 0.4125) (layer F.Fab) (width 0.1))
    (fp_line (start -0.8 -0.4125) (end 0.8 -0.4125) (layer F.Fab) (width 0.1))
    (fp_line (start -0.8 0.4125) (end -0.8 -0.4125) (layer F.Fab) (width 0.1))
    (fp_text user %R (at 0 0) (layer F.Fab)
      (effects (font (size 0.4 0.4) (thickness 0.06)))
    )
    (pad 1 smd roundrect (at -0.825 0 180) (size 0.8 0.95) (layers F.Cu F.Paste F.Mask) (roundrect_rratio 0.25)
      (net 89 /MISO_JMP))
    (pad 2 smd roundrect (at 0.825 0 180) (size 0.8 0.95) (layers F.Cu F.Paste F.Mask) (roundrect_rratio 0.25)
      (net 53 /MISO))
    (model ${KISYS3DMOD}/Resistor_SMD.3dshapes/R_0603_1608Metric.wrl
      (at (xyz 0 0 0))
      (scale (xyz 1 1 1))
      (rotate (xyz 0 0 0))
    )
  )

  (module Resistor_SMD:R_0603_1608Metric (layer F.Cu) (tedit 5F68FEEE) (tstamp 6047AC2D)
    (at 110.7445 112.776 180)
    (descr "Resistor SMD 0603 (1608 Metric), square (rectangular) end terminal, IPC_7351 nominal, (Body size source: IPC-SM-782 page 72, https://www.pcb-3d.com/wordpress/wp-content/uploads/ipc-sm-782a_amendment_1_and_2.pdf), generated with kicad-footprint-generator")
    (tags resistor)
    (path /604405BD)
    (attr smd)
    (fp_text reference R13 (at 0 -1.43) (layer F.SilkS)
      (effects (font (size 1 1) (thickness 0.15)))
    )
    (fp_text value 0 (at 0 1.43) (layer F.Fab)
      (effects (font (size 1 1) (thickness 0.15)))
    )
    (fp_line (start -0.8 0.4125) (end -0.8 -0.4125) (layer F.Fab) (width 0.1))
    (fp_line (start -0.8 -0.4125) (end 0.8 -0.4125) (layer F.Fab) (width 0.1))
    (fp_line (start 0.8 -0.4125) (end 0.8 0.4125) (layer F.Fab) (width 0.1))
    (fp_line (start 0.8 0.4125) (end -0.8 0.4125) (layer F.Fab) (width 0.1))
    (fp_line (start -0.237258 -0.5225) (end 0.237258 -0.5225) (layer F.SilkS) (width 0.12))
    (fp_line (start -0.237258 0.5225) (end 0.237258 0.5225) (layer F.SilkS) (width 0.12))
    (fp_line (start -1.48 0.73) (end -1.48 -0.73) (layer F.CrtYd) (width 0.05))
    (fp_line (start -1.48 -0.73) (end 1.48 -0.73) (layer F.CrtYd) (width 0.05))
    (fp_line (start 1.48 -0.73) (end 1.48 0.73) (layer F.CrtYd) (width 0.05))
    (fp_line (start 1.48 0.73) (end -1.48 0.73) (layer F.CrtYd) (width 0.05))
    (fp_text user %R (at 0 0) (layer F.Fab)
      (effects (font (size 0.4 0.4) (thickness 0.06)))
    )
    (pad 2 smd roundrect (at 0.825 0 180) (size 0.8 0.95) (layers F.Cu F.Paste F.Mask) (roundrect_rratio 0.25)
      (net 54 /MOSI))
    (pad 1 smd roundrect (at -0.825 0 180) (size 0.8 0.95) (layers F.Cu F.Paste F.Mask) (roundrect_rratio 0.25)
      (net 90 /MOSI_JMP))
    (model ${KISYS3DMOD}/Resistor_SMD.3dshapes/R_0603_1608Metric.wrl
      (at (xyz 0 0 0))
      (scale (xyz 1 1 1))
      (rotate (xyz 0 0 0))
    )
  )

  (module Resistor_SMD:R_0603_1608Metric (layer F.Cu) (tedit 5F68FEEE) (tstamp 6047ABFD)
    (at 110.744 108.204 180)
    (descr "Resistor SMD 0603 (1608 Metric), square (rectangular) end terminal, IPC_7351 nominal, (Body size source: IPC-SM-782 page 72, https://www.pcb-3d.com/wordpress/wp-content/uploads/ipc-sm-782a_amendment_1_and_2.pdf), generated with kicad-footprint-generator")
    (tags resistor)
    (path /6043FFE1)
    (attr smd)
    (fp_text reference R11 (at 0 -1.43) (layer F.SilkS)
      (effects (font (size 1 1) (thickness 0.15)))
    )
    (fp_text value 0 (at 0 1.43) (layer F.Fab)
      (effects (font (size 1 1) (thickness 0.15)))
    )
    (fp_line (start -0.8 0.4125) (end -0.8 -0.4125) (layer F.Fab) (width 0.1))
    (fp_line (start -0.8 -0.4125) (end 0.8 -0.4125) (layer F.Fab) (width 0.1))
    (fp_line (start 0.8 -0.4125) (end 0.8 0.4125) (layer F.Fab) (width 0.1))
    (fp_line (start 0.8 0.4125) (end -0.8 0.4125) (layer F.Fab) (width 0.1))
    (fp_line (start -0.237258 -0.5225) (end 0.237258 -0.5225) (layer F.SilkS) (width 0.12))
    (fp_line (start -0.237258 0.5225) (end 0.237258 0.5225) (layer F.SilkS) (width 0.12))
    (fp_line (start -1.48 0.73) (end -1.48 -0.73) (layer F.CrtYd) (width 0.05))
    (fp_line (start -1.48 -0.73) (end 1.48 -0.73) (layer F.CrtYd) (width 0.05))
    (fp_line (start 1.48 -0.73) (end 1.48 0.73) (layer F.CrtYd) (width 0.05))
    (fp_line (start 1.48 0.73) (end -1.48 0.73) (layer F.CrtYd) (width 0.05))
    (fp_text user %R (at 0 0) (layer F.Fab)
      (effects (font (size 0.4 0.4) (thickness 0.06)))
    )
    (pad 2 smd roundrect (at 0.825 0 180) (size 0.8 0.95) (layers F.Cu F.Paste F.Mask) (roundrect_rratio 0.25)
      (net 52 /SCLK))
    (pad 1 smd roundrect (at -0.825 0 180) (size 0.8 0.95) (layers F.Cu F.Paste F.Mask) (roundrect_rratio 0.25)
      (net 88 /SCLK_JMP))
    (model ${KISYS3DMOD}/Resistor_SMD.3dshapes/R_0603_1608Metric.wrl
      (at (xyz 0 0 0))
      (scale (xyz 1 1 1))
      (rotate (xyz 0 0 0))
    )
  )

  (module Resistor_SMD:R_0603_1608Metric (layer F.Cu) (tedit 5F68FEEE) (tstamp 6047ABCD)
    (at 110.7445 106.68 180)
    (descr "Resistor SMD 0603 (1608 Metric), square (rectangular) end terminal, IPC_7351 nominal, (Body size source: IPC-SM-782 page 72, https://www.pcb-3d.com/wordpress/wp-content/uploads/ipc-sm-782a_amendment_1_and_2.pdf), generated with kicad-footprint-generator")
    (tags resistor)
    (path /604406E2)
    (attr smd)
    (fp_text reference R14 (at 0 -1.43) (layer F.SilkS)
      (effects (font (size 1 1) (thickness 0.15)))
    )
    (fp_text value 0 (at 0 1.43) (layer F.Fab)
      (effects (font (size 1 1) (thickness 0.15)))
    )
    (fp_line (start 1.48 0.73) (end -1.48 0.73) (layer F.CrtYd) (width 0.05))
    (fp_line (start 1.48 -0.73) (end 1.48 0.73) (layer F.CrtYd) (width 0.05))
    (fp_line (start -1.48 -0.73) (end 1.48 -0.73) (layer F.CrtYd) (width 0.05))
    (fp_line (start -1.48 0.73) (end -1.48 -0.73) (layer F.CrtYd) (width 0.05))
    (fp_line (start -0.237258 0.5225) (end 0.237258 0.5225) (layer F.SilkS) (width 0.12))
    (fp_line (start -0.237258 -0.5225) (end 0.237258 -0.5225) (layer F.SilkS) (width 0.12))
    (fp_line (start 0.8 0.4125) (end -0.8 0.4125) (layer F.Fab) (width 0.1))
    (fp_line (start 0.8 -0.4125) (end 0.8 0.4125) (layer F.Fab) (width 0.1))
    (fp_line (start -0.8 -0.4125) (end 0.8 -0.4125) (layer F.Fab) (width 0.1))
    (fp_line (start -0.8 0.4125) (end -0.8 -0.4125) (layer F.Fab) (width 0.1))
    (fp_text user %R (at 0 0) (layer F.Fab)
      (effects (font (size 0.4 0.4) (thickness 0.06)))
    )
    (pad 1 smd roundrect (at -0.825 0 180) (size 0.8 0.95) (layers F.Cu F.Paste F.Mask) (roundrect_rratio 0.25)
      (net 91 /~DRV8353_CS_JMP))
    (pad 2 smd roundrect (at 0.825 0 180) (size 0.8 0.95) (layers F.Cu F.Paste F.Mask) (roundrect_rratio 0.25)
      (net 55 /~DRV8353_CS))
    (model ${KISYS3DMOD}/Resistor_SMD.3dshapes/R_0603_1608Metric.wrl
      (at (xyz 0 0 0))
      (scale (xyz 1 1 1))
      (rotate (xyz 0 0 0))
    )
  )

  (module Resistor_SMD:R_0603_1608Metric (layer F.Cu) (tedit 5F68FEEE) (tstamp 6047AB9D)
    (at 110.7435 105.156 180)
    (descr "Resistor SMD 0603 (1608 Metric), square (rectangular) end terminal, IPC_7351 nominal, (Body size source: IPC-SM-782 page 72, https://www.pcb-3d.com/wordpress/wp-content/uploads/ipc-sm-782a_amendment_1_and_2.pdf), generated with kicad-footprint-generator")
    (tags resistor)
    (path /605195FA)
    (attr smd)
    (fp_text reference R15 (at 0 -1.43) (layer F.SilkS)
      (effects (font (size 1 1) (thickness 0.15)))
    )
    (fp_text value 0 (at 0 1.43) (layer F.Fab)
      (effects (font (size 1 1) (thickness 0.15)))
    )
    (fp_line (start 1.48 0.73) (end -1.48 0.73) (layer F.CrtYd) (width 0.05))
    (fp_line (start 1.48 -0.73) (end 1.48 0.73) (layer F.CrtYd) (width 0.05))
    (fp_line (start -1.48 -0.73) (end 1.48 -0.73) (layer F.CrtYd) (width 0.05))
    (fp_line (start -1.48 0.73) (end -1.48 -0.73) (layer F.CrtYd) (width 0.05))
    (fp_line (start -0.237258 0.5225) (end 0.237258 0.5225) (layer F.SilkS) (width 0.12))
    (fp_line (start -0.237258 -0.5225) (end 0.237258 -0.5225) (layer F.SilkS) (width 0.12))
    (fp_line (start 0.8 0.4125) (end -0.8 0.4125) (layer F.Fab) (width 0.1))
    (fp_line (start 0.8 -0.4125) (end 0.8 0.4125) (layer F.Fab) (width 0.1))
    (fp_line (start -0.8 -0.4125) (end 0.8 -0.4125) (layer F.Fab) (width 0.1))
    (fp_line (start -0.8 0.4125) (end -0.8 -0.4125) (layer F.Fab) (width 0.1))
    (fp_text user %R (at 0 0) (layer F.Fab)
      (effects (font (size 0.4 0.4) (thickness 0.06)))
    )
    (pad 1 smd roundrect (at -0.825 0 180) (size 0.8 0.95) (layers F.Cu F.Paste F.Mask) (roundrect_rratio 0.25)
      (net 92 /SPEED_PWM_JMP))
    (pad 2 smd roundrect (at 0.825 0 180) (size 0.8 0.95) (layers F.Cu F.Paste F.Mask) (roundrect_rratio 0.25)
      (net 56 /SPEED_PWM))
    (model ${KISYS3DMOD}/Resistor_SMD.3dshapes/R_0603_1608Metric.wrl
      (at (xyz 0 0 0))
      (scale (xyz 1 1 1))
      (rotate (xyz 0 0 0))
    )
  )

  (module Resistor_SMD:R_0603_1608Metric (layer F.Cu) (tedit 5F68FEEE) (tstamp 6047AB6D)
    (at 110.7445 114.3 180)
    (descr "Resistor SMD 0603 (1608 Metric), square (rectangular) end terminal, IPC_7351 nominal, (Body size source: IPC-SM-782 page 72, https://www.pcb-3d.com/wordpress/wp-content/uploads/ipc-sm-782a_amendment_1_and_2.pdf), generated with kicad-footprint-generator")
    (tags resistor)
    (path /6051A06C)
    (attr smd)
    (fp_text reference R19 (at 0 -1.43) (layer F.SilkS)
      (effects (font (size 1 1) (thickness 0.15)))
    )
    (fp_text value 0 (at 0 1.43) (layer F.Fab)
      (effects (font (size 1 1) (thickness 0.15)))
    )
    (fp_line (start 1.48 0.73) (end -1.48 0.73) (layer F.CrtYd) (width 0.05))
    (fp_line (start 1.48 -0.73) (end 1.48 0.73) (layer F.CrtYd) (width 0.05))
    (fp_line (start -1.48 -0.73) (end 1.48 -0.73) (layer F.CrtYd) (width 0.05))
    (fp_line (start -1.48 0.73) (end -1.48 -0.73) (layer F.CrtYd) (width 0.05))
    (fp_line (start -0.237258 0.5225) (end 0.237258 0.5225) (layer F.SilkS) (width 0.12))
    (fp_line (start -0.237258 -0.5225) (end 0.237258 -0.5225) (layer F.SilkS) (width 0.12))
    (fp_line (start 0.8 0.4125) (end -0.8 0.4125) (layer F.Fab) (width 0.1))
    (fp_line (start 0.8 -0.4125) (end 0.8 0.4125) (layer F.Fab) (width 0.1))
    (fp_line (start -0.8 -0.4125) (end 0.8 -0.4125) (layer F.Fab) (width 0.1))
    (fp_line (start -0.8 0.4125) (end -0.8 -0.4125) (layer F.Fab) (width 0.1))
    (fp_text user %R (at 0 0) (layer F.Fab)
      (effects (font (size 0.4 0.4) (thickness 0.06)))
    )
    (pad 1 smd roundrect (at -0.825 0 180) (size 0.8 0.95) (layers F.Cu F.Paste F.Mask) (roundrect_rratio 0.25)
      (net 96 /~DRV8353_FAULT_JMP))
    (pad 2 smd roundrect (at 0.825 0 180) (size 0.8 0.95) (layers F.Cu F.Paste F.Mask) (roundrect_rratio 0.25)
      (net 12 /~DRV8353_FAULT))
    (model ${KISYS3DMOD}/Resistor_SMD.3dshapes/R_0603_1608Metric.wrl
      (at (xyz 0 0 0))
      (scale (xyz 1 1 1))
      (rotate (xyz 0 0 0))
    )
  )

  (module Resistor_SMD:R_0603_1608Metric (layer F.Cu) (tedit 5F68FEEE) (tstamp 60463C3C)
    (at 110.744 111.252)
    (descr "Resistor SMD 0603 (1608 Metric), square (rectangular) end terminal, IPC_7351 nominal, (Body size source: IPC-SM-782 page 72, https://www.pcb-3d.com/wordpress/wp-content/uploads/ipc-sm-782a_amendment_1_and_2.pdf), generated with kicad-footprint-generator")
    (tags resistor)
    (path /60521C0E)
    (attr smd)
    (fp_text reference R33 (at 0 -1.43) (layer F.SilkS)
      (effects (font (size 1 1) (thickness 0.15)))
    )
    (fp_text value 2.2k (at 0 1.43) (layer F.Fab)
      (effects (font (size 1 1) (thickness 0.15)))
    )
    (fp_line (start -0.8 0.4125) (end -0.8 -0.4125) (layer F.Fab) (width 0.1))
    (fp_line (start -0.8 -0.4125) (end 0.8 -0.4125) (layer F.Fab) (width 0.1))
    (fp_line (start 0.8 -0.4125) (end 0.8 0.4125) (layer F.Fab) (width 0.1))
    (fp_line (start 0.8 0.4125) (end -0.8 0.4125) (layer F.Fab) (width 0.1))
    (fp_line (start -0.237258 -0.5225) (end 0.237258 -0.5225) (layer F.SilkS) (width 0.12))
    (fp_line (start -0.237258 0.5225) (end 0.237258 0.5225) (layer F.SilkS) (width 0.12))
    (fp_line (start -1.48 0.73) (end -1.48 -0.73) (layer F.CrtYd) (width 0.05))
    (fp_line (start -1.48 -0.73) (end 1.48 -0.73) (layer F.CrtYd) (width 0.05))
    (fp_line (start 1.48 -0.73) (end 1.48 0.73) (layer F.CrtYd) (width 0.05))
    (fp_line (start 1.48 0.73) (end -1.48 0.73) (layer F.CrtYd) (width 0.05))
    (fp_text user %R (at 0 0) (layer F.Fab)
      (effects (font (size 0.4 0.4) (thickness 0.06)))
    )
    (pad 2 smd roundrect (at 0.825 0) (size 0.8 0.95) (layers F.Cu F.Paste F.Mask) (roundrect_rratio 0.25)
      (net 10 +3V3))
    (pad 1 smd roundrect (at -0.825 0) (size 0.8 0.95) (layers F.Cu F.Paste F.Mask) (roundrect_rratio 0.25)
      (net 53 /MISO))
    (model ${KISYS3DMOD}/Resistor_SMD.3dshapes/R_0603_1608Metric.wrl
      (at (xyz 0 0 0))
      (scale (xyz 1 1 1))
      (rotate (xyz 0 0 0))
    )
  )

  (module DRV8353S_dev_board:keystone_5001 (layer F.Cu) (tedit 603A5C95) (tstamp 6047AB15)
    (at 107.061 104.4575)
    (path /60501E52)
    (fp_text reference TP13 (at 0 -2.6) (layer F.SilkS)
      (effects (font (size 1 1) (thickness 0.15)))
    )
    (fp_text value THT (at -0.4 -4.2) (layer F.Fab)
      (effects (font (size 1 1) (thickness 0.15)))
    )
    (fp_circle (center 0 0) (end 1.65 0) (layer F.CrtYd) (width 0.05))
    (fp_circle (center 0 0) (end 1.25 0) (layer F.Fab) (width 0.15))
    (fp_circle (center 0 0) (end 1.4 0) (layer F.SilkS) (width 0.15))
    (fp_line (start 0.75 -0.25) (end 0.75 0.25) (layer F.Fab) (width 0.15))
    (fp_line (start 0.75 0.25) (end -0.75 0.25) (layer F.Fab) (width 0.15))
    (fp_line (start -0.75 -0.25) (end 0.75 -0.25) (layer F.Fab) (width 0.15))
    (fp_line (start -0.75 0.25) (end -0.75 -0.25) (layer F.Fab) (width 0.15))
    (fp_text user %R (at 0 -2.5) (layer F.Fab)
      (effects (font (size 1 1) (thickness 0.15)))
    )
    (pad 1 thru_hole circle (at 0 0) (size 2 2) (drill 1) (layers *.Cu *.Mask)
      (net 56 /SPEED_PWM))
    (model "${KIPRJMOD}/3D LIB/keystone-PN5001.STEP"
      (at (xyz 0 0 0))
      (scale (xyz 1 1 1))
      (rotate (xyz -90 0 0))
    )
  )

  (module Resistor_SMD:R_0603_1608Metric (layer F.Cu) (tedit 5F68FEEE) (tstamp 60463C4D)
    (at 110.7435 103.632 180)
    (descr "Resistor SMD 0603 (1608 Metric), square (rectangular) end terminal, IPC_7351 nominal, (Body size source: IPC-SM-782 page 72, https://www.pcb-3d.com/wordpress/wp-content/uploads/ipc-sm-782a_amendment_1_and_2.pdf), generated with kicad-footprint-generator")
    (tags resistor)
    (path /60522FC5)
    (attr smd)
    (fp_text reference R34 (at 0 -1.43) (layer F.SilkS)
      (effects (font (size 1 1) (thickness 0.15)))
    )
    (fp_text value 2.2k (at 0 1.43) (layer F.Fab)
      (effects (font (size 1 1) (thickness 0.15)))
    )
    (fp_line (start -0.8 0.4125) (end -0.8 -0.4125) (layer F.Fab) (width 0.1))
    (fp_line (start -0.8 -0.4125) (end 0.8 -0.4125) (layer F.Fab) (width 0.1))
    (fp_line (start 0.8 -0.4125) (end 0.8 0.4125) (layer F.Fab) (width 0.1))
    (fp_line (start 0.8 0.4125) (end -0.8 0.4125) (layer F.Fab) (width 0.1))
    (fp_line (start -0.237258 -0.5225) (end 0.237258 -0.5225) (layer F.SilkS) (width 0.12))
    (fp_line (start -0.237258 0.5225) (end 0.237258 0.5225) (layer F.SilkS) (width 0.12))
    (fp_line (start -1.48 0.73) (end -1.48 -0.73) (layer F.CrtYd) (width 0.05))
    (fp_line (start -1.48 -0.73) (end 1.48 -0.73) (layer F.CrtYd) (width 0.05))
    (fp_line (start 1.48 -0.73) (end 1.48 0.73) (layer F.CrtYd) (width 0.05))
    (fp_line (start 1.48 0.73) (end -1.48 0.73) (layer F.CrtYd) (width 0.05))
    (fp_text user %R (at 0 0) (layer F.Fab)
      (effects (font (size 0.4 0.4) (thickness 0.06)))
    )
    (pad 2 smd roundrect (at 0.825 0 180) (size 0.8 0.95) (layers F.Cu F.Paste F.Mask) (roundrect_rratio 0.25)
      (net 56 /SPEED_PWM))
    (pad 1 smd roundrect (at -0.825 0 180) (size 0.8 0.95) (layers F.Cu F.Paste F.Mask) (roundrect_rratio 0.25)
      (net 1 GND))
    (model ${KISYS3DMOD}/Resistor_SMD.3dshapes/R_0603_1608Metric.wrl
      (at (xyz 0 0 0))
      (scale (xyz 1 1 1))
      (rotate (xyz 0 0 0))
    )
  )

  (module Capacitor_SMD:C_0603_1608Metric (layer F.Cu) (tedit 5F68FEEE) (tstamp 603A161D)
    (at 71.3616 109.2073)
    (descr "Capacitor SMD 0603 (1608 Metric), square (rectangular) end terminal, IPC_7351 nominal, (Body size source: IPC-SM-782 page 76, https://www.pcb-3d.com/wordpress/wp-content/uploads/ipc-sm-782a_amendment_1_and_2.pdf), generated with kicad-footprint-generator")
    (tags capacitor)
    (path /6078A6D9)
    (attr smd)
    (fp_text reference C9 (at -3.6071 0.0127) (layer F.SilkS)
      (effects (font (size 0.8128 0.8128) (thickness 0.1524)))
    )
    (fp_text value 22nF (at 0 1.43) (layer F.Fab)
      (effects (font (size 1 1) (thickness 0.15)))
    )
    (fp_line (start 1.48 0.73) (end -1.48 0.73) (layer F.CrtYd) (width 0.05))
    (fp_line (start 1.48 -0.73) (end 1.48 0.73) (layer F.CrtYd) (width 0.05))
    (fp_line (start -1.48 -0.73) (end 1.48 -0.73) (layer F.CrtYd) (width 0.05))
    (fp_line (start -1.48 0.73) (end -1.48 -0.73) (layer F.CrtYd) (width 0.05))
    (fp_line (start -0.14058 0.51) (end 0.14058 0.51) (layer F.SilkS) (width 0.1524))
    (fp_line (start -0.14058 -0.51) (end 0.14058 -0.51) (layer F.SilkS) (width 0.1524))
    (fp_line (start 0.8 0.4) (end -0.8 0.4) (layer F.Fab) (width 0.1))
    (fp_line (start 0.8 -0.4) (end 0.8 0.4) (layer F.Fab) (width 0.1))
    (fp_line (start -0.8 -0.4) (end 0.8 -0.4) (layer F.Fab) (width 0.1))
    (fp_line (start -0.8 0.4) (end -0.8 -0.4) (layer F.Fab) (width 0.1))
    (fp_text user %R (at 0 0) (layer F.Fab)
      (effects (font (size 0.4 0.4) (thickness 0.06)))
    )
    (pad 2 smd roundrect (at 0.775 0) (size 0.9 0.95) (layers F.Cu F.Paste F.Mask) (roundrect_rratio 0.25)
      (net 7 /~SPEED_DOWN_PB))
    (pad 1 smd roundrect (at -0.775 0) (size 0.9 0.95) (layers F.Cu F.Paste F.Mask) (roundrect_rratio 0.25)
      (net 1 GND))
    (model ${KISYS3DMOD}/Capacitor_SMD.3dshapes/C_0603_1608Metric.wrl
      (at (xyz 0 0 0))
      (scale (xyz 1 1 1))
      (rotate (xyz 0 0 0))
    )
  )

  (module Capacitor_SMD:C_0603_1608Metric (layer F.Cu) (tedit 5F68FEEE) (tstamp 6047BFFC)
    (at 66.154 115.824)
    (descr "Capacitor SMD 0603 (1608 Metric), square (rectangular) end terminal, IPC_7351 nominal, (Body size source: IPC-SM-782 page 76, https://www.pcb-3d.com/wordpress/wp-content/uploads/ipc-sm-782a_amendment_1_and_2.pdf), generated with kicad-footprint-generator")
    (tags capacitor)
    (path /6078ABFA)
    (attr smd)
    (fp_text reference C10 (at -3.3525 0) (layer F.SilkS)
      (effects (font (size 0.8128 0.8128) (thickness 0.1524)))
    )
    (fp_text value 22nF (at 0 1.43) (layer F.Fab)
      (effects (font (size 1 1) (thickness 0.15)))
    )
    (fp_line (start -0.8 0.4) (end -0.8 -0.4) (layer F.Fab) (width 0.1))
    (fp_line (start -0.8 -0.4) (end 0.8 -0.4) (layer F.Fab) (width 0.1))
    (fp_line (start 0.8 -0.4) (end 0.8 0.4) (layer F.Fab) (width 0.1))
    (fp_line (start 0.8 0.4) (end -0.8 0.4) (layer F.Fab) (width 0.1))
    (fp_line (start -0.14058 -0.51) (end 0.14058 -0.51) (layer F.SilkS) (width 0.1524))
    (fp_line (start -0.14058 0.51) (end 0.14058 0.51) (layer F.SilkS) (width 0.1524))
    (fp_line (start -1.48 0.73) (end -1.48 -0.73) (layer F.CrtYd) (width 0.05))
    (fp_line (start -1.48 -0.73) (end 1.48 -0.73) (layer F.CrtYd) (width 0.05))
    (fp_line (start 1.48 -0.73) (end 1.48 0.73) (layer F.CrtYd) (width 0.05))
    (fp_line (start 1.48 0.73) (end -1.48 0.73) (layer F.CrtYd) (width 0.05))
    (fp_text user %R (at 0 0) (layer F.Fab)
      (effects (font (size 0.4 0.4) (thickness 0.06)))
    )
    (pad 1 smd roundrect (at -0.775 0) (size 0.9 0.95) (layers F.Cu F.Paste F.Mask) (roundrect_rratio 0.25)
      (net 1 GND))
    (pad 2 smd roundrect (at 0.775 0) (size 0.9 0.95) (layers F.Cu F.Paste F.Mask) (roundrect_rratio 0.25)
      (net 8 /~BRAKE_PB))
    (model ${KISYS3DMOD}/Capacitor_SMD.3dshapes/C_0603_1608Metric.wrl
      (at (xyz 0 0 0))
      (scale (xyz 1 1 1))
      (rotate (xyz 0 0 0))
    )
  )

  (module Capacitor_SMD:C_0603_1608Metric (layer F.Cu) (tedit 5F68FEEE) (tstamp 6047C02C)
    (at 71.3486 115.8113)
    (descr "Capacitor SMD 0603 (1608 Metric), square (rectangular) end terminal, IPC_7351 nominal, (Body size source: IPC-SM-782 page 76, https://www.pcb-3d.com/wordpress/wp-content/uploads/ipc-sm-782a_amendment_1_and_2.pdf), generated with kicad-footprint-generator")
    (tags capacitor)
    (path /6078B5AF)
    (attr smd)
    (fp_text reference C11 (at -3.4671 0.0127) (layer F.SilkS)
      (effects (font (size 0.8128 0.8128) (thickness 0.1524)))
    )
    (fp_text value 22nF (at 0 1.43) (layer F.Fab)
      (effects (font (size 1 1) (thickness 0.15)))
    )
    (fp_line (start 1.48 0.73) (end -1.48 0.73) (layer F.CrtYd) (width 0.05))
    (fp_line (start 1.48 -0.73) (end 1.48 0.73) (layer F.CrtYd) (width 0.05))
    (fp_line (start -1.48 -0.73) (end 1.48 -0.73) (layer F.CrtYd) (width 0.05))
    (fp_line (start -1.48 0.73) (end -1.48 -0.73) (layer F.CrtYd) (width 0.05))
    (fp_line (start -0.14058 0.51) (end 0.14058 0.51) (layer F.SilkS) (width 0.1524))
    (fp_line (start -0.14058 -0.51) (end 0.14058 -0.51) (layer F.SilkS) (width 0.1524))
    (fp_line (start 0.8 0.4) (end -0.8 0.4) (layer F.Fab) (width 0.1))
    (fp_line (start 0.8 -0.4) (end 0.8 0.4) (layer F.Fab) (width 0.1))
    (fp_line (start -0.8 -0.4) (end 0.8 -0.4) (layer F.Fab) (width 0.1))
    (fp_line (start -0.8 0.4) (end -0.8 -0.4) (layer F.Fab) (width 0.1))
    (fp_text user %R (at 0 0) (layer F.Fab)
      (effects (font (size 0.4 0.4) (thickness 0.06)))
    )
    (pad 2 smd roundrect (at 0.775 0) (size 0.9 0.95) (layers F.Cu F.Paste F.Mask) (roundrect_rratio 0.25)
      (net 9 /~RESET_PB))
    (pad 1 smd roundrect (at -0.775 0) (size 0.9 0.95) (layers F.Cu F.Paste F.Mask) (roundrect_rratio 0.25)
      (net 1 GND))
    (model ${KISYS3DMOD}/Capacitor_SMD.3dshapes/C_0603_1608Metric.wrl
      (at (xyz 0 0 0))
      (scale (xyz 1 1 1))
      (rotate (xyz 0 0 0))
    )
  )

  (module Capacitor_SMD:C_0603_1608Metric (layer F.Cu) (tedit 5F68FEEE) (tstamp 603A160C)
    (at 66.1924 109.2327)
    (descr "Capacitor SMD 0603 (1608 Metric), square (rectangular) end terminal, IPC_7351 nominal, (Body size source: IPC-SM-782 page 76, https://www.pcb-3d.com/wordpress/wp-content/uploads/ipc-sm-782a_amendment_1_and_2.pdf), generated with kicad-footprint-generator")
    (tags capacitor)
    (path /6078A354)
    (attr smd)
    (fp_text reference C8 (at -3.4544 -0.0127) (layer F.SilkS)
      (effects (font (size 0.8128 0.8128) (thickness 0.1524)))
    )
    (fp_text value 22nF (at 0 1.43) (layer F.Fab)
      (effects (font (size 1 1) (thickness 0.15)))
    )
    (fp_line (start -0.8 0.4) (end -0.8 -0.4) (layer F.Fab) (width 0.1))
    (fp_line (start -0.8 -0.4) (end 0.8 -0.4) (layer F.Fab) (width 0.1))
    (fp_line (start 0.8 -0.4) (end 0.8 0.4) (layer F.Fab) (width 0.1))
    (fp_line (start 0.8 0.4) (end -0.8 0.4) (layer F.Fab) (width 0.1))
    (fp_line (start -0.14058 -0.51) (end 0.14058 -0.51) (layer F.SilkS) (width 0.1524))
    (fp_line (start -0.14058 0.51) (end 0.14058 0.51) (layer F.SilkS) (width 0.1524))
    (fp_line (start -1.48 0.73) (end -1.48 -0.73) (layer F.CrtYd) (width 0.05))
    (fp_line (start -1.48 -0.73) (end 1.48 -0.73) (layer F.CrtYd) (width 0.05))
    (fp_line (start 1.48 -0.73) (end 1.48 0.73) (layer F.CrtYd) (width 0.05))
    (fp_line (start 1.48 0.73) (end -1.48 0.73) (layer F.CrtYd) (width 0.05))
    (fp_text user %R (at 0 0) (layer F.Fab)
      (effects (font (size 0.4 0.4) (thickness 0.06)))
    )
    (pad 1 smd roundrect (at -0.775 0) (size 0.9 0.95) (layers F.Cu F.Paste F.Mask) (roundrect_rratio 0.25)
      (net 1 GND))
    (pad 2 smd roundrect (at 0.775 0) (size 0.9 0.95) (layers F.Cu F.Paste F.Mask) (roundrect_rratio 0.25)
      (net 6 /~SPEED_UP_PB))
    (model ${KISYS3DMOD}/Capacitor_SMD.3dshapes/C_0603_1608Metric.wrl
      (at (xyz 0 0 0))
      (scale (xyz 1 1 1))
      (rotate (xyz 0 0 0))
    )
  )

  (module Capacitor_SMD:C_0603_1608Metric (layer B.Cu) (tedit 5F68FEEE) (tstamp 6046EE2A)
    (at 75.7552 113.6777 180)
    (descr "Capacitor SMD 0603 (1608 Metric), square (rectangular) end terminal, IPC_7351 nominal, (Body size source: IPC-SM-782 page 76, https://www.pcb-3d.com/wordpress/wp-content/uploads/ipc-sm-782a_amendment_1_and_2.pdf), generated with kicad-footprint-generator")
    (tags capacitor)
    (path /607895ED)
    (attr smd)
    (fp_text reference C7 (at -3.4928 0.0127) (layer B.SilkS)
      (effects (font (size 0.8128 0.8128) (thickness 0.1524)) (justify mirror))
    )
    (fp_text value 22nF (at 0 -1.43) (layer B.Fab)
      (effects (font (size 1 1) (thickness 0.15)) (justify mirror))
    )
    (fp_line (start 1.48 -0.73) (end -1.48 -0.73) (layer B.CrtYd) (width 0.05))
    (fp_line (start 1.48 0.73) (end 1.48 -0.73) (layer B.CrtYd) (width 0.05))
    (fp_line (start -1.48 0.73) (end 1.48 0.73) (layer B.CrtYd) (width 0.05))
    (fp_line (start -1.48 -0.73) (end -1.48 0.73) (layer B.CrtYd) (width 0.05))
    (fp_line (start -0.14058 -0.51) (end 0.14058 -0.51) (layer B.SilkS) (width 0.1524))
    (fp_line (start -0.14058 0.51) (end 0.14058 0.51) (layer B.SilkS) (width 0.1524))
    (fp_line (start 0.8 -0.4) (end -0.8 -0.4) (layer B.Fab) (width 0.1))
    (fp_line (start 0.8 0.4) (end 0.8 -0.4) (layer B.Fab) (width 0.1))
    (fp_line (start -0.8 0.4) (end 0.8 0.4) (layer B.Fab) (width 0.1))
    (fp_line (start -0.8 -0.4) (end -0.8 0.4) (layer B.Fab) (width 0.1))
    (fp_text user %R (at 0 0) (layer B.Fab)
      (effects (font (size 0.4 0.4) (thickness 0.06)) (justify mirror))
    )
    (pad 2 smd roundrect (at 0.775 0 180) (size 0.9 0.95) (layers B.Cu B.Paste B.Mask) (roundrect_rratio 0.25)
      (net 5 /DIRECTION_DIP))
    (pad 1 smd roundrect (at -0.775 0 180) (size 0.9 0.95) (layers B.Cu B.Paste B.Mask) (roundrect_rratio 0.25)
      (net 1 GND))
    (model ${KISYS3DMOD}/Capacitor_SMD.3dshapes/C_0603_1608Metric.wrl
      (at (xyz 0 0 0))
      (scale (xyz 1 1 1))
      (rotate (xyz 0 0 0))
    )
  )

  (module MountingHole:MountingHole_3mm_Pad_Via (layer F.Cu) (tedit 603EA563) (tstamp 6047B74C)
    (at 55 115)
    (descr "Mounting Hole 3mm")
    (tags "mounting hole 3mm")
    (attr virtual)
    (fp_text reference REF** (at 0 -4) (layer F.SilkS) hide
      (effects (font (size 0.8128 0.8128) (thickness 0.1524)))
    )
    (fp_text value MountingHole_3mm_Pad_Via (at 0 4) (layer F.Fab)
      (effects (font (size 1 1) (thickness 0.15)))
    )
    (fp_circle (center 0 0) (end 3 0) (layer Cmts.User) (width 0.15))
    (fp_circle (center 0 0) (end 3.25 0) (layer F.CrtYd) (width 0.05))
    (fp_text user %R (at 0.3 0) (layer F.Fab)
      (effects (font (size 1 1) (thickness 0.15)))
    )
    (pad 1 thru_hole circle (at 1.59099 -1.59099) (size 0.8 0.8) (drill 0.5) (layers *.Cu *.Mask))
    (pad 1 thru_hole circle (at 0 -2.25) (size 0.8 0.8) (drill 0.5) (layers *.Cu *.Mask))
    (pad 1 thru_hole circle (at -1.59099 -1.59099) (size 0.8 0.8) (drill 0.5) (layers *.Cu *.Mask))
    (pad 1 thru_hole circle (at -2.25 0) (size 0.8 0.8) (drill 0.5) (layers *.Cu *.Mask))
    (pad 1 thru_hole circle (at -1.59099 1.59099) (size 0.8 0.8) (drill 0.5) (layers *.Cu *.Mask))
    (pad 1 thru_hole circle (at 0 2.25) (size 0.8 0.8) (drill 0.5) (layers *.Cu *.Mask))
